4ps8zx	2022/11/29 17:47:25	bereave	iri	-18.9226	-28.6214	-15.6827	-16.8304	-8.2846	-7.5306	-0.9952	0.9838	7.2157	8.8865	18.7522	13.8118	31.1863	11.7230	36.2312	8.6659	40.6267	4.2089	44.3715	-0.6920	46.9294	-5.9032
4ps8zx	2022/11/29 17:47:25	bereave	iri	-19.1761	-30.5054	-17.7828	-17.8986	-10.7253	-8.2285	-2.4223	-0.4144	6.4536	7.6665	17.1717	13.8088	30.0668	12.8242	35.3655	9.4771	39.9687	5.4557	44.6046	1.7346	48.8340	-2.1830
4ps8zx	2022/11/29 17:47:25	bereave	iri	-20.2555	-31.1186	-20.0110	-18.4978	-13.4766	-8.2903	-4.2932	-0.8121	5.1699	5.5999	14.8787	13.0766	27.8120	13.7447	33.1230	11.0546	38.8895	7.6474	43.5380	4.2660	47.8220	0.3279
4ps8zx	2022/11/29 17:47:25	bereave	iri	-22.5835	-30.3044	-23.9221	-17.8965	-16.4716	-8.3411	-4.7108	-2.6283	4.9625	5.2807	15.6517	12.1726	28.6189	12.4119	34.2881	10.3300	40.0852	9.0531	45.8050	7.8000	51.0451	6.0547
4ps8zx	2022/11/29 17:47:25	bereave	iri	-22.9346	-30.4142	-23.7047	-17.7828	-15.1747	-8.9495	-2.9200	-2.5198	6.2263	6.2110	17.8766	12.2392	30.9372	13.0128	36.3036	11.4478	41.4329	9.0396	46.3441	6.2818	50.2131	2.3111
4ps8zx	2022/11/29 17:47:25	bereave	iri	-20.1172	-31.0413	-19.2414	-18.4966	-10.4098	-8.4134	-0.1170	-0.5396	7.8708	8.0807	19.4496	13.3652	31.6161	12.8304	36.6024	10.8094	41.4802	8.7924	46.4161	6.8637	50.8123	4.0291
4ps8zx	2022/11/29 17:47:25	bereave	iri	-16.9073	-31.8106	-15.5260	-19.1996	-7.1559	-8.8332	1.1370	-0.0802	8.1020	8.9582	19.6774	15.9913	33.0843	12.8428	37.5925	8.6204	41.8996	4.3258	45.6741	0.6788	49.6651	-2.7897
4ps8zx	2022/11/29 17:47:25	bereave	iri	-15.8260	-31.7576	-12.5621	-19.6351	-4.4206	-8.6223	2.1274	1.4186	8.5360	11.5800	20.8440	16.4422	33.7729	11.8467	38.0766	7.6905	41.7533	3.1560	45.3151	-0.9045	49.2629	-5.2204
4ps8zx	2022/11/29 17:47:25	bereave	iri	-16.0787	-30.2821	-11.2741	-19.2704	-4.2888	-8.2528	1.0640	3.0735	8.0825	13.1072	20.5662	16.8641	33.3083	11.7889	37.4853	6.7441	41.4366	2.0504	45.9243	-1.0873	51.2437	-4.1994
4ps8zx	2022/11/29 17:47:25	bereave	iri	-15.3862	-30.9345	-10.8764	-19.6619	-4.3869	-8.5124	1.5276	1.6360	8.3393	11.3537	20.3517	15.8798	33.1824	11.4765	37.4859	6.6464	41.4262	1.7089	45.5680	-2.1120	50.3191	-6.0899
4ps8zx	2022/11/29 17:47:25	bereave	iri	-16.6445	-31.8255	-10.9586	-20.8271	-6.4129	-9.5864	-0.7611	1.4791	6.5918	11.6961	19.2259	15.1771	32.0858	10.3662	36.4896	6.0227	40.7822	1.6903	44.9546	-2.5063	48.9446	-6.6791
4ps8zx	2022/11/29 17:48:39	believe	ili	-16.5399	-29.8228	-12.0774	-18.0278	-8.9694	-6.1495	-4.1346	4.5683	5.1644	11.8261	16.6120	13.2991	28.0070	9.7064	32.7904	5.8502	37.2264	1.5200	41.3184	-2.7893	45.5607	-7.1210
4ps8zx	2022/11/29 17:48:39	believe	ili	-15.3031	-29.1775	-5.1342	-20.5741	-3.7170	-6.7610	-1.0137	6.7512	7.7691	15.7381	19.7021	17.0123	31.6266	12.8588	35.9253	8.1751	39.8004	3.2383	43.8982	-1.2581	48.3247	-5.8415
4ps8zx	2022/11/29 17:48:39	believe	ili	-16.3510	-30.5355	-7.4511	-21.4156	-6.6499	-8.3960	-2.3903	3.4741	6.9640	11.0389	18.8889	12.0517	30.9941	8.2631	35.2237	3.9745	40.0181	-0.2146	45.0324	-3.4480	49.5676	-7.3521
4ps8zx	2022/11/29 17:48:39	believe	ili	-16.3769	-29.4068	-12.9334	-18.3317	-11.6020	-6.5228	-6.4232	4.0277	3.2323	10.2766	15.1552	11.0092	26.4676	6.9535	31.0205	3.7799	36.8453	1.2146	42.2346	-1.3339	47.4646	-4.8438
4ps8zx	2022/11/29 17:48:39	believe	ili	-16.9177	-28.0561	-15.9457	-16.6510	-13.6752	-5.8936	-8.7110	4.3697	1.1258	10.3450	13.1083	11.5945	24.5136	7.9464	29.3772	4.6907	35.4486	1.7316	41.3693	-0.7347	46.3889	-4.8050
4ps8zx	2022/11/29 17:48:39	believe	ili	-17.0642	-26.9703	-17.2378	-15.4126	-14.2866	-4.7717	-9.2756	5.0419	0.8535	10.6499	12.6304	11.3566	24.1639	8.2988	29.0392	5.0083	34.9348	1.9096	40.6251	-0.6544	45.8710	-5.0196
4ps8zx	2022/11/29 17:48:39	believe	ili	-18.1515	-26.5916	-18.2909	-14.8576	-14.9994	-4.2007	-9.1927	5.3703	1.0445	10.4927	12.7637	11.0674	24.6728	7.9802	29.7231	4.7956	35.7168	1.7877	41.3395	-0.9575	46.2700	-4.9610
4ps8zx	2022/11/29 17:48:39	believe	ili	-18.7193	-28.0847	-19.8018	-15.6914	-16.2605	-5.0494	-9.9789	4.5723	0.8379	9.6009	13.2141	10.7204	25.7740	7.6611	30.6691	4.3403	36.8046	1.6292	42.1822	-1.2079	47.0110	-5.3184
4ps8zx	2022/11/29 17:48:39	believe	ili	-18.9109	-28.1709	-20.9234	-16.1539	-17.2353	-5.6193	-10.7669	3.5971	0.0558	9.2982	12.4766	10.5916	24.7596	8.0083	30.1326	4.9349	36.5601	1.9810	41.9469	-1.0917	46.8697	-5.1401
4ps8zx	2022/11/29 17:48:39	believe	ili	-20.4516	-27.5853	-21.1556	-15.1869	-16.7415	-5.0864	-9.2605	3.8651	1.5992	8.8965	13.9480	10.2807	26.3097	7.7711	31.4750	4.4697	37.4572	1.4567	42.7899	-1.5889	47.8021	-5.3937
4ps8zx	2022/11/29 17:48:39	believe	ili	-20.7649	-27.7685	-21.2339	-15.2385	-16.5313	-4.3778	-8.8068	4.3654	2.3210	8.9585	14.5270	10.2838	26.4784	7.6561	31.5792	4.3586	37.4327	1.5493	42.6193	-1.4579	47.5362	-5.3794
4ps8zx	2022/11/29 17:51:39	bereave	iri	-19.8031	-27.0392	-15.5706	-15.6757	-9.9749	-6.1656	-3.1601	2.5042	6.1626	8.8495	17.5220	12.2343	29.0829	11.4386	34.1683	8.8873	38.8519	5.4528	43.1693	1.3929	45.9958	-2.6996
4ps8zx	2022/11/29 17:51:39	bereave	iri	-20.5061	-28.1902	-17.6604	-15.8931	-11.1525	-6.4278	-3.8488	2.0110	5.8302	7.9112	16.3356	12.7412	28.1795	11.7447	33.3052	9.5094	38.4942	6.8988	43.1123	4.1519	47.1757	0.5506
4ps8zx	2022/11/29 17:51:39	bereave	iri	-22.3357	-27.0885	-21.5684	-15.0925	-14.4593	-5.6379	-5.7850	1.1146	3.9383	7.6528	14.5742	12.1270	26.6601	11.1655	31.5437	9.3555	37.2697	7.5964	42.5526	5.7007	47.2727	3.0834
4ps8zx	2022/11/29 17:51:39	bereave	iri	-23.2978	-28.1600	-24.0201	-15.5569	-16.0867	-6.2224	-4.6170	-0.3137	5.5100	6.1876	16.4603	11.5357	28.5782	11.9563	33.6931	10.2923	38.9079	9.0443	43.7789	7.8695	48.5105	6.9520
4ps8zx	2022/11/29 17:51:39	bereave	iri	-21.9790	-27.7990	-21.3447	-15.4027	-13.7168	-6.2240	-3.2802	0.2774	6.0795	6.8011	17.0237	12.1888	29.0965	12.2265	34.0654	10.2394	39.3637	9.0375	44.3563	7.7034	49.0367	6.4502
4ps8zx	2022/11/29 17:51:39	bereave	iri	-18.9998	-28.1784	-16.5941	-16.3157	-9.1646	-7.2111	-0.5551	0.7944	7.7664	8.2439	18.0862	14.1157	30.3303	12.9245	35.4680	10.0029	40.0389	6.6766	44.2070	3.1722	47.7243	-0.5564
4ps8zx	2022/11/29 17:51:39	bereave	iri	-16.1540	-28.9808	-11.8832	-18.0238	-5.2246	-7.7411	1.1430	1.4978	8.3982	9.0741	18.9724	15.4658	31.8193	12.6872	36.4685	9.1304	40.5132	4.8774	43.9870	0.3205	46.7742	-4.2924
4ps8zx	2022/11/29 17:51:39	bereave	iri	-15.7284	-29.6154	-10.6225	-18.8526	-3.4915	-7.8606	1.3938	2.6639	8.4250	12.3380	20.1129	16.2227	33.1800	12.1163	37.0059	7.5396	40.3942	2.7117	44.1435	-1.2751	47.6265	-5.4529
4ps8zx	2022/11/29 17:51:39	bereave	iri	-15.5924	-29.9679	-10.1442	-19.9139	-3.6391	-8.3125	0.9743	2.7840	6.8549	12.1497	18.0636	16.3912	31.1756	12.7170	35.6194	8.3778	39.2783	3.7779	42.7773	-0.8761	46.1622	-4.8887
4ps8zx	2022/11/29 17:51:39	bereave	iri	-15.5361	-30.3134	-8.6754	-20.5293	-3.6011	-8.1662	0.8234	2.8654	8.6175	11.5140	20.0105	14.8033	32.7253	10.9943	36.6895	6.4356	40.1672	1.8699	43.7650	-2.6478	47.6103	-6.4847
4ps8zx	2022/11/29 17:51:39	bereave	iri	-16.6108	-29.6048	-8.4725	-19.7455	-6.1038	-8.4073	-1.4033	2.8969	7.4089	10.1589	18.8017	13.2710	30.6704	10.3125	35.1158	6.0043	38.8081	1.5645	42.7679	-2.8099	47.0708	-6.5865
4ps8zx	2022/11/29 17:52:53	believe	ili	-16.6460	-31.3343	-12.8252	-19.6885	-9.8965	-7.3866	-7.1730	5.2644	1.2213	13.4954	13.3144	14.4907	23.9218	10.2783	29.3482	7.4423	34.9996	4.8382	40.1702	2.1080	45.1614	-1.5312
4ps8zx	2022/11/29 17:52:53	believe	ili	-15.4263	-31.3842	-11.8010	-20.5954	-10.8360	-8.2125	-8.7580	4.5625	-0.1597	13.9617	12.3190	14.3321	23.2687	9.2566	28.7711	7.2951	34.7826	5.0787	40.2210	2.0193	45.2303	-1.2423
4ps8zx	2022/11/29 17:52:53	believe	ili	-15.6258	-30.8593	-11.4681	-19.6612	-9.9437	-7.2605	-8.4277	6.0250	0.2810	14.3035	12.4563	14.3939	23.4661	9.3148	29.0754	6.9604	35.1103	4.7354	41.2220	1.9746	46.1079	-1.1029
4ps8zx	2022/11/29 17:52:53	believe	ili	-15.5028	-29.8364	-8.8171	-19.6725	-7.8106	-7.3663	-6.1961	6.4369	3.2389	15.2446	15.7005	14.8708	26.3754	9.5808	31.9516	7.0004	37.8470	4.6510	43.5528	2.2147	48.5718	-1.4414
4ps8zx	2022/11/29 17:52:53	believe	ili	-14.3797	-28.4303	-5.5262	-18.8243	-5.1535	-6.5520	-2.4951	6.1456	6.2542	14.7179	18.9260	14.7358	29.4469	11.3282	35.1452	8.4646	40.2068	5.1049	44.8402	1.4545	49.2521	-2.6401
4ps8zx	2022/11/29 17:52:53	believe	ili	-14.4770	-28.5848	-4.7123	-19.9212	-3.3076	-7.5042	-0.9847	5.7520	6.8618	14.5991	19.2247	16.2638	30.7638	12.7398	35.8509	9.2962	39.8890	4.5821	43.9610	-0.1494	47.7700	-5.2848
4ps8zx	2022/11/29 17:52:53	believe	ili	-14.6459	-27.8923	-4.4593	-18.6386	-3.3365	-6.4449	-0.5062	6.4627	8.1262	14.7596	20.2389	16.0312	31.9752	12.5359	36.2534	8.3623	39.9405	3.5059	43.7200	-1.2944	47.3302	-6.3584
4ps8zx	2022/11/29 17:52:53	believe	ili	-15.4720	-27.8311	-5.5536	-18.7077	-4.0889	-6.0546	-0.7355	6.9140	8.6150	14.3058	20.5699	15.9191	31.8348	12.3479	36.1996	8.4217	39.9491	3.5889	43.5198	-1.1989	46.5300	-6.4181
4ps8zx	2022/11/29 17:52:53	believe	ili	-15.1474	-28.2997	-5.0672	-19.0845	-4.1363	-6.2615	-0.6072	6.4659	8.3779	14.2441	20.1098	15.6402	31.8376	12.0159	36.0782	7.8386	40.0747	3.2663	43.9224	-1.2869	47.3422	-6.3702
4ps8zx	2022/11/29 17:52:53	believe	ili	-14.9922	-27.9512	-5.7386	-18.2157	-4.7498	-5.6987	-0.6598	6.1958	8.7219	13.7778	20.0612	14.8434	31.7303	10.4985	36.2163	6.5981	40.5302	2.1558	44.8788	-2.0851	49.0852	-6.7224
4ps8zx	2022/11/29 17:52:53	believe	ili	-15.3084	-28.6701	-6.3032	-18.1238	-5.5775	-5.5868	-1.1626	6.7458	8.3680	13.7980	19.8559	14.5972	31.1278	10.1220	35.5481	6.3625	39.8222	2.4411	44.2332	-1.9712	48.5943	-6.5452
4ps8zx	2022/11/29 17:55:55	bereave	iri	-15.6478	-28.2891	-11.4288	-17.4313	-5.3306	-7.5444	-0.0776	2.2152	7.6726	9.8217	18.7987	14.1539	30.7236	13.1512	35.4989	10.6693	40.0122	6.7327	43.9479	2.1026	46.9349	-2.3357
4ps8zx	2022/11/29 17:55:55	bereave	iri	-16.8859	-29.0375	-11.0512	-19.1092	-5.4705	-8.4946	-0.2560	1.4504	7.5824	10.0512	18.7489	14.6270	30.9908	13.7945	35.8310	10.9268	40.2111	6.7968	44.0294	2.0755	47.3148	-2.0509
4ps8zx	2022/11/29 17:55:55	bereave	iri	-17.3179	-29.2922	-12.6341	-18.8780	-8.0144	-8.6160	-2.0026	1.6352	6.2508	9.6662	17.7544	14.5550	29.9172	13.0674	34.9343	10.0183	39.4939	6.4492	44.1208	2.9354	48.3097	-0.4177
4ps8zx	2022/11/29 17:55:55	bereave	iri	-20.4261	-29.7895	-19.0881	-17.7815	-15.0256	-7.1315	-6.5191	1.9165	3.7291	7.9485	15.4254	11.8775	27.5867	11.4941	32.9355	9.6368	38.7130	8.2680	44.2516	7.1272	49.8157	5.8223
4ps8zx	2022/11/29 17:55:55	bereave	iri	-22.1537	-30.1864	-22.4068	-17.8035	-17.5576	-7.6010	-8.1768	-0.3661	2.7376	5.7928	14.0944	9.2605	26.4665	10.5601	32.2241	10.6610	37.9603	10.1701	43.1279	8.4555	47.6392	6.4520
4ps8zx	2022/11/29 17:55:55	bereave	iri	-19.6682	-27.3815	-19.0238	-15.6937	-12.8143	-6.1746	-3.3888	1.4506	6.5500	7.8395	17.6834	11.0010	29.6627	11.6228	35.1955	10.8541	40.5494	9.7170	45.6360	7.7769	49.9591	4.4731
4ps8zx	2022/11/29 17:55:55	bereave	iri	-16.0986	-29.4655	-12.1836	-18.8169	-6.6872	-8.5237	0.5060	0.6266	8.0441	9.4361	19.7857	14.8107	33.1012	12.6390	38.0706	9.0390	42.3225	4.8763	45.9335	0.2347	49.4925	-4.4881
4ps8zx	2022/11/29 17:55:55	bereave	iri	-16.0972	-29.3964	-8.2355	-19.5415	-3.9957	-8.4480	0.7880	2.6088	6.7837	12.4003	19.4139	16.7601	33.8059	13.3823	38.3294	9.1493	42.2811	4.3573	45.6975	-0.5064	49.2520	-5.2472
4ps8zx	2022/11/29 17:55:55	bereave	iri	-15.3032	-28.7722	-5.0670	-19.5194	-1.5159	-7.7454	1.9984	3.8032	9.2286	14.1807	21.6102	17.2736	34.3410	12.7710	38.2011	8.2164	41.7701	3.2908	44.6666	-1.4157	47.1946	-6.4010
4ps8zx	2022/11/29 17:55:55	bereave	iri	-15.6788	-28.5942	-4.6631	-18.6181	-3.1174	-7.3051	-0.6396	4.3657	5.6709	14.0817	17.7155	17.9601	30.4589	13.8226	35.5966	9.7745	39.5261	4.8863	43.7865	0.1273	47.6332	-4.1924
4ps8zx	2022/11/29 17:55:55	bereave	iri	-17.5333	-28.9990	-5.8874	-18.8805	-4.2741	-7.4998	0.2305	3.1964	7.3900	12.5153	19.1808	16.3961	31.4634	12.2508	36.3584	7.8109	40.2097	2.5891	44.0340	-1.4938	48.6244	-5.4111
4ps8zx	2022/11/29 17:57:10	believe	ili	-17.8223	-30.3934	-12.0715	-19.6134	-8.3029	-8.3725	-3.8489	2.9454	5.3243	10.0695	17.0702	12.3959	29.3709	10.1714	34.2736	6.9091	38.4949	2.6183	42.0914	-2.1408	45.5268	-6.6181
4ps8zx	2022/11/29 17:57:10	believe	ili	-17.3798	-30.1864	-11.1748	-19.7977	-8.3971	-8.4505	-4.4225	2.9213	3.7281	11.7229	15.3611	14.0090	28.0459	11.1017	33.2623	7.3608	37.5253	2.7603	41.3855	-1.8755	44.9009	-6.5799
4ps8zx	2022/11/29 17:57:10	believe	ili	-16.9469	-30.0236	-10.6553	-20.2884	-10.0250	-7.5083	-7.4840	5.2838	1.0198	14.6004	13.1587	14.9948	24.1336	9.7357	29.5614	6.9602	35.2849	4.1555	40.8082	1.1554	45.4754	-2.5137
4ps8zx	2022/11/29 17:57:10	believe	ili	-17.2357	-29.7130	-10.1517	-19.4541	-12.3875	-5.7190	-10.0510	7.2272	-0.7923	15.3299	11.7564	14.3142	22.7274	8.4505	28.3499	6.0854	34.3339	3.6190	40.0332	0.4522	45.2165	-2.4371
4ps8zx	2022/11/29 17:57:10	believe	ili	-17.1531	-29.7541	-8.4251	-19.8020	-11.6019	-5.8053	-8.8777	6.9817	0.5193	16.0665	12.8131	15.8659	23.4237	9.1419	29.0685	6.3638	35.4341	4.1022	41.8795	1.4821	46.5828	-2.1619
4ps8zx	2022/11/29 17:57:10	believe	ili	-16.7105	-29.2597	-5.7576	-20.2680	-6.7332	-7.1469	-3.0519	5.9370	4.5616	16.5235	16.9290	16.7313	28.3236	12.3646	33.7714	9.0674	38.1642	4.4743	42.3418	-0.1956	45.9002	-5.3921
4ps8zx	2022/11/29 17:57:10	believe	ili	-14.0209	-28.6325	-2.5771	-18.1255	-2.7694	-4.3497	-0.4225	8.4003	8.4436	16.3882	19.9599	17.2283	32.1818	13.1864	36.2328	8.4470	39.9263	3.3324	43.5094	-1.7105	46.7432	-7.1076
4ps8zx	2022/11/29 17:57:10	believe	ili	-15.6126	-27.6994	-1.9571	-18.5521	-2.1136	-4.4311	1.1943	8.0080	9.7849	15.8449	21.1839	16.9857	32.8305	12.9014	36.3874	8.2514	39.7297	3.1270	43.0958	-2.2314	45.9411	-7.7765
4ps8zx	2022/11/29 17:57:10	believe	ili	-15.3563	-28.3460	-3.8993	-18.0031	-3.0967	-3.0982	1.6536	8.2226	10.3781	15.4263	21.7806	16.4951	33.0210	12.0668	36.6710	7.5667	39.8915	2.4154	43.3525	-2.5293	46.6485	-7.3922
4ps8zx	2022/11/29 17:57:10	believe	ili	-15.0840	-27.8928	-4.7838	-18.9167	-4.0647	-4.9592	-0.0273	7.0623	9.4467	14.2034	20.9379	15.7727	32.1694	11.0907	36.1994	6.8428	39.7035	2.2292	43.2447	-2.8568	46.1967	-7.9306
4ps8zx	2022/11/29 17:57:10	believe	ili	-17.6476	-28.9718	-6.2230	-20.2513	-5.0962	-7.0565	-1.2551	5.1585	7.7897	13.0957	19.7595	14.9150	31.1162	10.1093	35.1893	5.7555	39.1192	1.4384	43.5138	-2.9833	47.8436	-7.2506
4ps8zx	2022/11/29 18:01:44	bereave	iri	-18.5426	-29.4642	-16.2582	-17.0195	-10.4736	-7.3941	-4.2474	1.9457	4.9768	8.7889	16.7623	13.4961	29.1414	12.0558	34.2154	8.6080	38.7972	5.0037	43.8053	2.1896	48.4549	-0.4390
4ps8zx	2022/11/29 18:01:44	bereave	iri	-18.5763	-29.2314	-16.9089	-16.6035	-10.9491	-6.3306	-3.6305	2.9169	5.9657	9.3486	17.6489	13.9561	29.6527	12.4720	34.6215	9.5798	39.8601	6.8898	45.3646	5.1301	50.5320	3.0332
4ps8zx	2022/11/29 18:01:44	bereave	iri	-20.3765	-30.6015	-20.5482	-17.8789	-15.0902	-6.8704	-7.0638	1.9484	3.2608	7.5949	14.0056	12.1835	26.4443	12.5392	32.0029	11.4939	38.0922	9.9082	43.6596	8.5274	48.9192	7.3868
4ps8zx	2022/11/29 18:01:44	bereave	iri	-22.1815	-31.0890	-23.6424	-18.7688	-19.1470	-7.8756	-9.6135	0.5914	1.9426	6.6404	13.4967	11.0163	26.0472	12.7074	31.7938	12.2167	38.2691	11.6149	43.9589	10.9002	49.2907	10.0824
4ps8zx	2022/11/29 18:01:44	bereave	iri	-22.0660	-30.6073	-23.1237	-17.9970	-18.0036	-7.2212	-7.7134	0.0783	2.8248	6.5877	14.2952	10.8240	27.1380	12.4245	33.0370	11.9645	39.2089	11.1592	44.9156	10.0221	49.9248	8.5183
4ps8zx	2022/11/29 18:01:44	bereave	iri	-17.9657	-29.6631	-17.2755	-17.3843	-13.1317	-7.0284	-4.6654	1.6921	5.4881	8.6444	16.9784	13.1846	29.4262	13.0236	34.7183	11.1783	40.0544	9.1159	44.9128	7.0415	49.6621	4.6410
4ps8zx	2022/11/29 18:01:44	bereave	iri	-15.5499	-30.2693	-12.7927	-18.9653	-6.7229	-8.6618	-0.7406	1.2518	6.7507	10.0468	18.3986	16.0314	31.3110	13.3892	36.0690	9.2345	40.5296	5.4274	45.1833	2.3346	49.9339	-0.3525
4ps8zx	2022/11/29 18:01:44	bereave	iri	-16.4360	-29.3104	-10.4897	-20.1962	-4.9139	-8.7223	0.6850	1.1934	7.0980	10.7375	18.7629	16.9661	32.4943	13.6019	36.6353	9.2074	40.5212	4.8305	44.2577	0.6882	47.9769	-3.1139
4ps8zx	2022/11/29 18:01:44	bereave	iri	-16.3416	-30.0442	-9.7632	-20.8799	-3.9837	-8.8897	1.0979	1.8653	8.2649	11.6843	20.0897	16.9835	32.9170	12.5786	36.3948	7.5381	40.2424	3.1191	44.4142	-0.5758	48.9198	-4.2186
4ps8zx	2022/11/29 18:01:44	bereave	iri	-15.6839	-29.7548	-8.1968	-19.9294	-3.9864	-8.0543	0.5003	3.2598	8.4745	12.2635	20.3336	16.1249	33.1088	11.8976	36.7933	6.8909	40.6624	2.2585	45.0202	-0.9406	50.1943	-4.0883
4ps8zx	2022/11/29 18:01:44	bereave	iri	-17.0008	-31.2297	-9.6579	-21.7417	-6.0155	-10.1340	-1.3422	1.2287	6.7226	11.0194	19.0019	15.8154	31.3971	11.7802	35.4873	7.1568	39.5942	2.9201	44.1225	-1.0112	49.1296	-4.5103
4ps8zx	2022/11/29 18:03:00	believe	ili	-17.7091	-27.8185	-13.2031	-16.2784	-9.8524	-4.8464	-5.8596	6.5255	2.9679	13.0915	14.7271	13.8431	25.2370	10.6363	30.5659	7.7104	35.6413	4.1554	40.1760	-0.3115	44.4696	-5.4630
4ps8zx	2022/11/29 18:03:00	believe	ili	-16.9163	-28.7218	-13.5158	-17.1009	-10.7850	-5.6113	-8.0108	6.4366	0.6090	14.4114	12.8887	14.7861	23.6325	9.6076	29.2032	6.8495	35.2150	4.2955	41.1366	1.4118	45.7891	-2.0999
4ps8zx	2022/11/29 18:03:00	believe	ili	-16.1539	-29.3148	-12.1887	-18.0244	-12.3817	-5.7688	-11.0506	6.7883	-2.6766	15.7775	10.4956	14.2823	21.3871	8.2692	27.1920	5.8928	33.2994	4.1310	39.4421	2.0715	45.1954	0.0368
4ps8zx	2022/11/29 18:03:00	believe	ili	-15.4222	-30.2491	-10.7539	-18.9183	-12.9869	-6.1889	-12.0852	6.7537	-3.4679	16.0574	9.7374	15.5886	20.3551	8.5575	26.4693	5.6912	32.6169	3.7205	39.1365	1.9938	45.4861	0.1883
4ps8zx	2022/11/29 18:03:00	believe	ili	-15.4198	-31.1320	-7.2188	-21.3288	-9.3230	-7.8619	-8.9738	5.6899	-0.8230	15.7770	12.4894	16.8339	23.5814	10.0870	28.9737	6.8867	35.3618	4.3540	41.7011	1.8576	46.7291	-1.4106
4ps8zx	2022/11/29 18:03:00	believe	ili	-14.1639	-30.6998	-4.5703	-20.6641	-5.0309	-6.8293	-3.5330	8.7482	6.0519	16.9542	18.5491	17.3450	29.9038	12.0414	34.6881	7.8503	39.0296	3.6067	42.9824	-1.1168	46.3612	-6.7861
4ps8zx	2022/11/29 18:03:00	believe	ili	-11.8969	-28.1454	-2.8054	-17.8439	-2.9359	-3.4780	0.2893	10.2170	10.5735	17.1922	22.9131	17.3003	33.6298	11.7820	37.4571	7.2997	40.9206	1.8654	43.9385	-3.2093	46.0922	-8.8597
4ps8zx	2022/11/29 18:03:00	believe	ili	-11.0943	-28.6489	-2.4396	-18.1224	-2.6772	-2.6339	1.9220	10.9415	11.5313	16.8831	23.0466	17.1237	33.8173	11.3377	37.5399	6.6717	40.7291	1.2027	43.7295	-3.7266	46.1912	-9.1994
4ps8zx	2022/11/29 18:03:00	believe	ili	-10.9290	-27.5042	-2.4340	-16.8959	-2.2137	-3.3445	1.2747	10.1672	10.7319	16.7727	22.3002	17.3852	33.2601	12.0331	37.0528	7.5515	40.3664	1.9707	43.3799	-3.0700	45.9800	-8.5839
4ps8zx	2022/11/29 18:03:00	believe	ili	-12.3168	-29.3137	-3.5387	-18.1262	-2.9260	-5.2674	-0.2428	8.2746	9.3126	15.4083	20.9589	16.4769	32.1828	11.7972	36.3078	7.7095	39.7528	2.5953	42.7394	-2.8898	45.8498	-8.1037
4ps8zx	2022/11/29 18:03:00	believe	ili	-14.3525	-29.5467	-5.1387	-19.4433	-4.5236	-6.1538	-1.7110	7.1384	8.1651	14.0040	20.3238	15.1505	31.9347	10.1274	36.1226	5.8722	39.8894	1.2526	43.8369	-3.6253	47.9329	-8.4405
4ps8zx	2022/11/29 18:05:50	bereave	iri	-16.3933	-28.9354	-10.7386	-18.2307	-5.5754	-7.0233	-0.0946	3.6885	7.7232	12.6544	20.0852	16.0128	32.1878	11.9215	36.6909	7.8298	40.4748	3.3289	44.3069	-0.7012	48.5603	-4.7839
4ps8zx	2022/11/29 18:05:50	bereave	iri	-15.7691	-28.1991	-9.9674	-18.7622	-4.7540	-7.2425	0.3201	3.4963	7.2598	13.2824	19.4658	16.5496	32.1438	13.6485	36.5024	9.9332	40.3994	5.3709	43.9696	0.4972	47.7092	-4.5315
4ps8zx	2022/11/29 18:05:50	bereave	iri	-16.6896	-30.1786	-10.3584	-19.9311	-6.0749	-8.3461	-1.6744	2.4368	5.2292	12.0031	16.7172	16.0267	29.2309	14.0479	34.1489	10.6675	39.1272	7.1129	43.9414	4.0859	49.2535	0.9768
4ps8zx	2022/11/29 18:05:50	bereave	iri	-18.7806	-31.0957	-15.1025	-18.9715	-11.2944	-7.2956	-3.9207	2.3705	4.7583	10.1681	17.2206	13.8975	29.0843	11.8598	34.1926	9.4868	39.6342	7.5499	44.9534	5.4887	50.0178	3.0535
4ps8zx	2022/11/29 18:05:50	bereave	iri	-19.2289	-31.8311	-17.9962	-19.4514	-13.0694	-8.3659	-4.7471	0.1460	4.5919	8.7223	16.3365	12.7486	29.3045	12.2508	34.9993	10.6891	40.6985	9.2093	46.3874	8.1901	51.9034	6.4821
4ps8zx	2022/11/29 18:05:50	bereave	iri	-19.2762	-31.1570	-16.8739	-19.3528	-10.7519	-8.3157	-3.0872	0.4084	5.4120	8.9196	17.4468	13.0247	30.0840	12.6481	35.6306	11.1799	41.3079	9.3280	46.7986	8.0277	52.1654	6.0469
4ps8zx	2022/11/29 18:05:50	bereave	iri	-16.4472	-30.1775	-12.7838	-18.7995	-6.4426	-8.0874	0.4378	1.7081	6.9362	11.3697	19.0247	16.0740	31.3328	13.0310	36.0655	8.9935	40.6296	5.6911	45.1016	3.0414	49.8699	0.3140
4ps8zx	2022/11/29 18:05:50	bereave	iri	-16.2204	-29.3500	-10.2553	-19.1884	-4.5060	-8.1938	0.9616	2.7875	6.6507	13.1358	18.8045	18.0735	31.5590	13.9391	35.9382	9.7119	39.5119	4.9725	42.9889	0.1776	46.0641	-4.5402
4ps8zx	2022/11/29 18:05:50	bereave	iri	-15.6970	-30.0820	-9.6432	-20.2858	-3.4793	-8.6713	1.2672	3.2439	7.4732	14.5179	19.7362	18.2003	32.3899	13.5545	36.3504	8.9938	39.6272	3.9958	42.7908	-1.1674	45.3351	-6.3118
4ps8zx	2022/11/29 18:05:50	bereave	iri	-15.6583	-29.7436	-7.0871	-20.5461	-3.0795	-8.3952	1.4109	3.7549	8.9711	13.8241	21.0123	16.9295	33.0392	12.3634	36.8438	7.5960	40.2943	2.6097	43.8243	-1.7900	47.6833	-6.0410
4ps8zx	2022/11/29 18:05:50	bereave	iri	-15.4998	-29.9217	-7.2914	-20.4360	-3.4732	-8.4975	0.4160	3.6649	8.4144	12.7720	20.5288	15.5096	32.2377	10.3295	36.5497	6.1753	40.7411	1.9217	44.6342	-2.1522	48.8357	-5.9509
4ps8zx	2022/11/29 18:07:06	believe	ili	-18.3683	-28.4116	-12.2716	-17.8305	-9.7677	-6.1165	-5.2596	4.9086	4.7126	11.9528	16.3137	13.9931	28.9095	11.2326	33.6277	7.5264	37.7165	2.9335	41.5689	-1.4782	44.9372	-6.5087
4ps8zx	2022/11/29 18:07:06	believe	ili	-17.3628	-28.9987	-10.9298	-18.4153	-9.6621	-6.0178	-5.4896	5.9318	3.5483	13.7087	16.1019	14.3803	27.6302	10.7838	32.6031	7.2072	37.3180	3.3359	41.9350	-0.6691	45.8692	-4.8551
4ps8zx	2022/11/29 18:07:06	believe	ili	-17.6197	-29.8418	-10.8878	-19.5337	-11.4118	-7.0787	-9.1525	5.9142	-0.3564	14.8200	12.1806	15.2950	23.1945	9.7433	28.6772	7.2770	34.6148	4.8086	40.2697	1.6454	45.3359	-1.8767
4ps8zx	2022/11/29 18:07:06	believe	ili	-17.7719	-29.4991	-11.1963	-19.0182	-13.9306	-6.3262	-11.4181	6.5711	-2.5758	15.7801	10.4974	15.1347	21.2876	9.1203	27.0967	6.8127	33.5379	4.9861	39.2331	2.1574	44.2670	-1.4344
4ps8zx	2022/11/29 18:07:06	believe	ili	-17.8356	-29.9657	-10.2608	-20.2427	-12.1784	-7.5619	-10.0161	5.2696	-1.6751	15.5154	11.4337	15.6893	22.8010	9.6323	28.3562	7.2009	34.7286	4.9991	40.7543	2.1658	45.7469	-1.4585
4ps8zx	2022/11/29 18:07:06	believe	ili	-16.9899	-29.6324	-7.1122	-19.4566	-9.1616	-6.5320	-5.3723	6.6944	3.4603	16.2643	15.9271	16.7401	27.2681	12.3028	32.8233	9.4646	37.6987	5.5072	42.3998	1.3590	46.2653	-3.0123
4ps8zx	2022/11/29 18:07:06	believe	ili	-14.9426	-28.4165	-4.7382	-19.4890	-5.0472	-6.3245	-2.3375	6.8399	5.7760	16.0679	18.1580	17.3010	30.3307	13.3417	35.0497	9.1958	38.8861	3.9823	43.0690	-0.5632	47.3666	-5.1459
4ps8zx	2022/11/29 18:07:06	believe	ili	-14.9497	-28.5221	-4.2601	-19.3170	-4.4206	-5.8159	-1.5469	7.6140	7.1168	15.9685	19.3213	17.1753	30.7902	13.2276	35.2490	9.4365	38.8293	4.3378	42.6547	-0.6309	45.9479	-6.0940
4ps8zx	2022/11/29 18:07:06	believe	ili	-16.9244	-28.0345	-5.9305	-19.2691	-6.2107	-6.0003	-1.6243	6.9556	7.4483	15.7341	19.7637	17.2526	31.6246	12.9529	36.0352	8.1569	39.6443	3.2541	43.2857	-1.8407	46.8940	-6.6956
4ps8zx	2022/11/29 18:07:06	believe	ili	-17.2971	-29.5721	-5.8091	-20.2184	-5.3546	-7.8447	-2.0013	5.6111	6.3704	14.7481	18.9572	16.1643	31.0525	12.2562	35.4685	7.4409	38.9993	2.8645	42.8979	-2.0791	46.8952	-6.7897
4ps8zx	2022/11/29 18:07:06	believe	ili	-17.2912	-29.5954	-7.5195	-20.4045	-6.6738	-8.4776	-3.2773	4.9525	5.6280	13.3195	17.9333	14.9704	29.7044	11.5130	34.0584	7.0002	38.3231	2.6604	42.7206	-1.5843	47.2218	-5.6838
4ps8zx	2022/11/29 18:10:14	bereave	iri	-15.7898	-26.3017	-12.8435	-15.2050	-7.7192	-5.8572	-1.9193	3.2879	6.8918	10.1670	18.0380	13.7709	30.3087	12.6619	35.2686	9.2605	39.9105	5.5628	44.6844	2.6006	49.3377	-0.4373
4ps8zx	2022/11/29 18:10:14	bereave	iri	-17.4481	-27.4521	-15.4895	-16.3539	-10.2561	-6.4876	-3.7880	2.6292	5.2847	9.3381	16.3738	14.3170	28.0806	13.6509	33.3358	11.6671	38.6588	9.1920	43.6318	6.7468	48.1817	3.6215
4ps8zx	2022/11/29 18:10:14	bereave	iri	-18.6551	-27.5494	-19.5702	-16.0461	-13.5641	-5.8736	-4.8242	1.8034	5.0462	8.3538	15.9619	13.0660	27.8863	12.9576	33.7159	11.5806	39.6257	10.1326	45.3377	8.9007	50.8151	7.5150
4ps8zx	2022/11/29 18:10:14	bereave	iri	-21.1658	-28.0704	-22.2144	-15.9094	-15.7927	-5.7668	-5.2964	1.3082	4.7587	7.6361	15.9895	11.9093	28.1449	12.9713	34.2462	12.5156	40.3150	12.3821	45.9362	11.8503	50.8625	9.8327
4ps8zx	2022/11/29 18:10:14	bereave	iri	-19.4189	-27.1939	-19.5828	-14.9828	-13.3687	-5.4046	-4.0406	1.6327	5.6354	8.5104	17.0095	12.6300	29.4312	13.0732	35.0181	12.0691	40.6908	10.9113	46.0869	9.9661	51.3907	8.3707
4ps8zx	2022/11/29 18:10:14	bereave	iri	-15.3585	-27.6591	-11.0544	-17.1731	-5.5462	-7.0866	0.4648	2.5098	8.2638	10.2753	19.8985	15.5620	32.2606	13.5546	37.3977	10.5651	42.1331	7.8549	46.7238	5.2347	51.1104	2.1094
4ps8zx	2022/11/29 18:10:14	bereave	iri	-14.5709	-27.5712	-4.9997	-18.0601	-0.9044	-7.2914	3.8095	3.7392	10.3800	13.0368	22.2711	16.8723	34.2753	13.6137	38.5887	9.8186	42.2693	5.1953	45.4585	0.3862	49.1448	-4.4522
4ps8zx	2022/11/29 18:10:14	bereave	iri	-14.5805	-27.4764	-3.8105	-18.4746	-1.2446	-7.8334	3.1030	4.0682	10.8401	12.9575	23.0038	16.9315	34.8867	12.8818	38.4876	8.0101	42.3400	3.1779	45.7751	-1.3026	49.3768	-6.3936
4ps8zx	2022/11/29 18:10:14	bereave	iri	-14.9855	-28.1722	-3.8116	-18.6436	-1.3696	-7.4353	2.2653	3.6316	9.4846	12.6314	21.7207	16.6852	34.0509	12.7996	37.6236	8.0573	41.0822	3.1100	44.5129	-1.7193	47.5777	-6.7696
4ps8zx	2022/11/29 18:10:14	bereave	iri	-13.4071	-28.2587	-3.1450	-17.9586	-1.0870	-6.9072	3.1629	4.1142	10.3466	12.7938	22.1979	16.3185	33.8144	11.7456	37.5047	6.7347	41.3032	2.0179	45.4643	-1.7290	50.4884	-5.3852
4ps8zx	2022/11/29 18:10:14	bereave	iri	-14.2950	-29.0321	-3.9350	-19.1609	-1.9052	-7.6886	1.3898	4.1676	9.0898	12.8094	20.5000	15.8976	32.1940	10.8839	36.2328	6.1689	40.2612	1.8955	44.3456	-2.4947	48.6132	-6.4954
