5jzj2h	2022/11/17 16:06:46	bereave	iri	-20.0310	-37.1200	-19.1776	-23.5892	-15.5840	-11.8940	-7.6968	-2.2237	2.6208	4.4134	15.4384	8.0341	28.7944	7.4138	34.7764	5.0685	39.1157	0.3587	42.0037	-4.7975	43.4031	-9.9981
5jzj2h	2022/11/17 16:06:46	bereave	iri	-21.5820	-38.5099	-22.0699	-24.3102	-18.6824	-11.7157	-9.4484	-2.5515	2.7878	3.3683	14.7463	8.8361	28.3211	10.1556	33.8119	6.8326	37.9842	2.2842	41.2797	-1.8250	43.5363	-5.8393
5jzj2h	2022/11/17 16:06:46	bereave	iri	-23.4254	-39.1304	-26.8433	-25.8862	-23.2112	-13.0563	-9.4570	-4.2488	4.5703	1.7786	15.0108	11.7576	28.6132	12.5211	33.9856	8.9165	38.1571	4.6967	41.7204	0.1260	45.7872	-3.2058
5jzj2h	2022/11/17 16:06:46	bereave	iri	-24.9795	-38.3363	-28.4776	-25.2885	-24.4775	-12.8271	-9.7114	-4.8727	5.7198	2.3836	14.9248	14.6890	28.5049	14.3951	34.2965	11.1123	38.0108	6.2237	40.4926	0.5049	42.4498	-3.8094
5jzj2h	2022/11/17 16:06:46	bereave	iri	-24.2386	-38.7618	-28.6412	-25.3350	-24.1657	-13.4076	-8.6032	-5.2405	6.7005	2.0566	15.5812	15.4222	29.7371	14.3928	35.5892	10.8153	41.6448	7.8447	47.3543	5.0131	51.7985	1.4146
5jzj2h	2022/11/17 16:06:46	bereave	iri	-22.9045	-38.4930	-25.0253	-24.8208	-17.7268	-11.9770	-5.5595	-3.5138	6.3413	4.5020	15.5287	14.4083	29.6849	13.8507	34.9436	10.1341	39.2172	5.0579	43.4272	0.2867	46.5711	-4.0004
5jzj2h	2022/11/17 16:06:46	bereave	iri	-19.4796	-36.1564	-18.2496	-21.7772	-10.3917	-9.2594	-1.1724	1.3219	7.2808	11.2546	20.1494	16.0411	33.3071	11.4761	37.8594	7.4477	41.0542	1.8393	43.3676	-3.2554	45.1369	-8.7227
5jzj2h	2022/11/17 16:06:46	bereave	iri	-18.6902	-35.6717	-14.6563	-21.0547	-8.2276	-8.0469	-0.8542	3.5751	7.7157	13.8064	20.6785	17.4502	33.5199	11.8337	37.8293	7.1536	42.0339	2.2315	45.6440	-2.0386	48.0586	-7.2300
5jzj2h	2022/11/17 16:06:46	bereave	iri	-17.5422	-35.5197	-13.3866	-21.4623	-6.8561	-8.9002	-1.4427	3.5360	7.4181	13.7566	20.7049	16.8582	33.6944	11.7665	38.1917	7.1705	42.2290	2.0583	45.5942	-2.7453	48.1317	-8.4484
5jzj2h	2022/11/17 16:06:46	bereave	iri	-17.8375	-35.2525	-12.5760	-21.3665	-5.7189	-8.8715	-2.3336	4.9642	6.4239	15.2079	20.5028	18.4864	33.4213	12.5283	37.5723	7.5485	41.7490	2.4961	45.3713	-2.1140	47.9053	-7.5906
5jzj2h	2022/11/17 16:06:46	bereave	iri	-17.4103	-35.2164	-11.3378	-20.6201	-6.2334	-7.8351	-2.1780	4.1242	6.3032	14.6421	19.9440	17.9603	32.8118	11.9034	37.3480	7.4920	41.4974	2.7684	45.2105	-2.2471	48.1827	-8.1328
5jzj2h	2022/11/17 16:08:00	believe	ili	-18.7598	-37.1135	-17.5680	-22.7755	-17.3776	-9.4416	-12.3875	1.7350	-1.7591	8.5778	11.4654	8.0392	23.0087	1.8136	30.3502	0.2255	38.0103	-0.9755	44.7891	-2.9681	50.9501	-5.7123
5jzj2h	2022/11/17 16:08:00	believe	ili	-18.6439	-37.8906	-17.2856	-23.4435	-17.9453	-9.8514	-13.8480	2.9303	-1.6917	10.1241	12.2759	8.1283	24.7324	1.6143	31.6351	0.5913	39.7311	0.3006	47.4166	0.9212	54.8055	1.3830
5jzj2h	2022/11/17 16:08:00	believe	ili	-18.1688	-38.2323	-16.7662	-23.9698	-18.5809	-10.2270	-15.6738	3.5408	-4.4656	12.3426	10.0999	10.3853	22.8659	1.7210	30.3711	0.3812	38.5055	0.5478	46.4256	1.1435	53.6682	1.4004
5jzj2h	2022/11/17 16:08:00	believe	ili	-16.9370	-37.5854	-15.3189	-23.7949	-17.2792	-10.1850	-14.7619	3.6829	-3.7126	13.3050	11.3161	12.0931	23.2242	2.9720	29.9751	0.4642	37.9349	-0.6190	45.3756	-0.5484	52.4489	0.1542
5jzj2h	2022/11/17 16:08:00	believe	ili	-17.2903	-38.0071	-12.3395	-24.1570	-13.8761	-10.4294	-12.6306	3.9762	-2.2878	14.7866	13.8146	15.3467	24.8682	5.9721	30.3196	1.4274	37.8770	-0.9315	45.6864	-1.3680	52.8416	-1.0555
5jzj2h	2022/11/17 16:08:00	believe	ili	-16.0403	-37.6004	-10.3652	-22.9216	-10.9917	-8.8552	-8.8721	4.8980	1.1889	15.3676	15.9937	17.7112	27.5946	9.2370	32.6300	3.5061	39.2086	0.6615	45.6348	-2.0316	52.0624	-4.4732
5jzj2h	2022/11/17 16:08:00	believe	ili	-16.1285	-36.2789	-8.2838	-21.3430	-7.0237	-7.1298	-4.1161	7.2983	5.4965	16.6452	19.4067	18.1954	32.1763	11.7925	36.0463	6.1960	40.9169	1.3868	46.5035	-2.6469	51.6618	-7.0343
5jzj2h	2022/11/17 16:08:00	believe	ili	-14.9689	-35.8231	-7.8386	-21.0799	-5.7746	-6.2181	-2.4505	7.6299	6.5921	17.7601	20.4039	19.0320	33.3979	13.4408	37.1452	7.4263	40.9551	1.8542	45.4607	-2.7887	49.4096	-7.3735
5jzj2h	2022/11/17 16:08:00	believe	ili	-16.0898	-35.6183	-6.7419	-19.8581	-4.2665	-5.3143	-0.2033	8.9414	10.5503	17.4259	23.0525	18.3902	35.8374	12.6965	39.2727	7.0565	42.3934	1.4900	45.9077	-3.1757	48.8520	-8.5432
5jzj2h	2022/11/17 16:08:00	believe	ili	-15.1851	-36.0299	-5.6072	-20.6140	-4.4805	-5.2793	-0.7532	8.7903	10.4528	17.5851	22.7683	18.4907	35.7723	13.2359	39.2785	7.7699	42.7455	2.5092	46.2761	-2.6391	48.7200	-8.1178
5jzj2h	2022/11/17 16:08:00	believe	ili	-15.5195	-35.6877	-7.3914	-21.0618	-3.8132	-6.5587	-1.1941	7.3869	7.8242	17.6791	20.7970	18.5966	33.8090	14.2739	38.3781	8.7054	42.0486	3.4831	46.2827	-1.6143	49.5109	-6.8263
5jzj2h	2022/11/17 16:10:43	bereave	iri	-20.4475	-37.2711	-20.3654	-23.4738	-16.5112	-11.3416	-7.3463	-2.5952	4.3097	3.6370	15.8211	8.1638	29.1059	9.0447	34.5165	6.2079	38.7082	1.9114	41.5774	-2.5191	43.3945	-6.7215
5jzj2h	2022/11/17 16:10:43	bereave	iri	-22.0635	-37.8585	-24.4800	-24.1916	-20.0138	-11.2132	-7.6804	-3.7542	4.9295	2.0785	14.9621	10.5915	28.5090	12.1288	34.0389	8.4627	37.9421	3.7013	40.6536	-1.2537	41.4895	-7.1797
5jzj2h	2022/11/17 16:10:43	bereave	iri	-24.5667	-37.6676	-27.0026	-24.1643	-20.6555	-10.7285	-6.2897	-4.7662	6.2265	2.5020	14.9242	14.6117	28.7377	13.8175	34.3447	10.7608	39.8217	7.7711	45.0924	5.4861	49.7979	2.3348
5jzj2h	2022/11/17 16:10:43	bereave	iri	-24.1274	-37.6466	-27.1407	-23.5452	-20.2263	-10.6179	-5.6258	-4.8303	7.3227	2.5986	14.9385	15.1135	29.3053	15.6773	34.9291	12.4027	40.2365	8.9846	45.3401	6.3022	50.0643	2.8982
5jzj2h	2022/11/17 16:10:43	bereave	iri	-22.4567	-37.8398	-24.0417	-23.5659	-16.7354	-11.2737	-3.7888	-3.8133	8.5855	3.2657	16.3408	14.1665	30.0332	14.6132	35.1657	10.9319	40.4418	7.3302	45.3209	3.9886	49.8609	0.6223
5jzj2h	2022/11/17 16:10:43	bereave	iri	-20.1050	-37.3198	-18.5263	-22.9485	-11.6559	-9.9057	-1.9218	-0.3662	7.0002	8.6683	19.0323	14.4741	32.3949	11.8966	37.3172	7.9865	41.5573	3.0144	45.1354	-1.2488	48.3428	-6.1054
5jzj2h	2022/11/17 16:10:43	bereave	iri	-17.5075	-36.0264	-13.9783	-21.5100	-8.1724	-8.7805	-1.9229	2.9672	6.3426	13.0632	19.3769	17.4970	31.4180	11.9177	35.8869	7.4643	40.7769	3.4932	44.3422	-1.5262	46.8690	-7.3734
5jzj2h	2022/11/17 16:10:43	bereave	iri	-16.3534	-35.8370	-11.5968	-22.3178	-6.2479	-9.2783	-3.4873	4.6637	5.1740	14.5782	18.0587	18.5980	30.3491	12.4957	35.1241	7.7570	40.2074	3.8143	44.2009	-0.8850	47.0975	-6.5243
5jzj2h	2022/11/17 16:10:43	bereave	iri	-16.1198	-36.1621	-11.0665	-22.0146	-4.8813	-8.5613	-2.0492	5.3157	5.4488	15.4708	18.8946	18.1446	31.8852	12.3052	36.6641	7.8854	41.1519	3.3090	45.1203	-1.6080	48.4256	-6.9262
5jzj2h	2022/11/17 16:10:43	bereave	iri	-15.9578	-35.7699	-10.6266	-22.0384	-4.7378	-8.3768	-2.1806	5.7458	5.2366	17.1963	19.1414	18.7849	32.0702	13.1457	36.7375	8.1490	41.5885	3.4424	45.7920	-1.3094	49.6530	-6.6209
5jzj2h	2022/11/17 16:10:43	bereave	iri	-15.4031	-35.0747	-10.3108	-20.9838	-4.9556	-6.8216	-1.2575	5.6557	5.3719	16.6212	18.9874	18.2889	31.1696	12.7152	36.3321	8.2082	41.4272	3.8152	45.7097	-0.7207	49.2085	-6.2133
5jzj2h	2022/11/17 16:11:58	believe	ili	-18.8857	-36.7653	-17.5877	-22.7978	-14.8696	-10.2544	-9.2697	0.9841	0.3897	8.7172	13.6170	9.6043	24.3542	3.2992	31.0278	1.0891	38.1196	-0.8069	44.4021	-2.9776	50.4766	-6.0353
5jzj2h	2022/11/17 16:11:58	believe	ili	-18.1140	-36.6589	-16.6795	-22.4956	-15.1584	-9.1624	-11.2376	2.1566	-1.6287	10.0012	12.1104	10.2263	23.3259	3.2474	29.8640	1.0225	37.7670	0.0168	44.8154	0.3195	51.0921	0.6485
5jzj2h	2022/11/17 16:11:58	believe	ili	-17.9063	-36.9609	-16.3159	-22.1639	-15.7564	-9.1121	-12.1744	4.1398	-1.7482	12.5379	12.3415	9.9971	24.0458	2.4767	30.9838	0.7973	38.8870	0.2289	46.2287	0.9021	53.2361	1.3334
5jzj2h	2022/11/17 16:11:58	believe	ili	-17.0860	-37.3931	-14.4718	-22.7026	-14.5748	-8.9526	-11.7689	4.3588	-2.0867	14.0888	12.8473	13.3749	23.0252	4.1109	29.7083	0.9561	37.9328	-0.5629	45.2493	-0.3084	52.1530	1.1576
5jzj2h	2022/11/17 16:11:58	believe	ili	-17.4137	-37.1915	-13.1726	-23.0734	-11.2886	-8.4841	-9.3104	4.5783	0.7098	14.9514	15.7764	14.2487	26.2834	5.8762	32.2333	2.1647	39.3201	-0.0031	46.4694	-0.9805	53.0460	-1.4308
5jzj2h	2022/11/17 16:11:58	believe	ili	-16.5386	-36.7666	-10.7744	-22.2894	-7.9182	-8.2227	-5.1090	5.7134	3.5858	15.3530	17.7522	17.4194	29.6158	10.1475	34.6143	5.2329	40.4331	1.9699	46.7229	-1.1677	52.8751	-4.8341
5jzj2h	2022/11/17 16:11:58	believe	ili	-15.3020	-35.6988	-8.6646	-21.8954	-6.0260	-7.7910	-2.5551	5.3091	6.0537	15.3794	19.4491	18.0314	32.9587	13.0028	36.7468	7.3629	41.3145	2.6510	45.8169	-1.7328	50.1230	-6.2332
5jzj2h	2022/11/17 16:11:58	believe	ili	-14.5224	-34.9017	-7.3176	-21.1473	-5.1974	-6.7861	-1.3442	6.0130	6.8745	16.3605	20.4564	18.9247	33.5082	13.8765	37.5798	8.4521	41.7465	3.3661	45.7346	-1.3279	48.7941	-6.7247
5jzj2h	2022/11/17 16:11:58	believe	ili	-15.0117	-34.7181	-7.7205	-21.5527	-4.4965	-6.7493	-0.7628	6.6470	7.4469	17.1733	20.5057	19.0177	33.4289	14.1561	38.0988	9.1375	42.2895	4.1023	46.2741	-0.6565	49.0494	-6.6555
5jzj2h	2022/11/17 16:11:58	believe	ili	-15.5823	-34.8708	-8.4233	-21.2436	-4.9799	-6.8107	-0.9648	5.9458	6.9005	16.5112	20.2039	18.5862	33.2988	14.2720	38.2904	9.3661	42.4848	4.2062	46.3436	-0.7774	49.2609	-6.8806
5jzj2h	2022/11/17 16:11:58	believe	ili	-16.2694	-35.5010	-9.3321	-21.9379	-5.2665	-7.1977	-1.4625	5.2234	6.7558	14.9940	19.6717	17.9562	32.7807	13.7577	37.4137	8.8766	41.9303	4.3908	46.0607	0.0408	49.3800	-5.7192
5jzj2h	2022/11/17 16:14:55	bereave	iri	-21.0677	-37.0140	-18.9592	-23.0405	-13.4507	-10.6116	-5.6136	-1.0602	4.7515	6.3520	17.2412	11.2001	30.4821	10.0852	35.4722	6.1423	38.9631	1.2704	41.2406	-4.1109	42.5612	-9.1802
5jzj2h	2022/11/17 16:14:55	bereave	iri	-21.2624	-37.4655	-20.7024	-23.5090	-15.7664	-11.0885	-6.6434	-1.8461	3.7913	5.3268	14.6908	11.9473	27.6721	12.3853	33.7321	9.3646	37.5128	4.2592	40.3397	-0.9956	42.2308	-5.6923
5jzj2h	2022/11/17 16:14:55	bereave	iri	-22.2872	-37.3454	-22.9916	-23.8696	-18.4885	-11.1393	-6.4148	-2.6413	5.6742	5.2176	15.3186	14.5614	28.8037	14.2256	34.6194	10.7035	37.6197	5.2766	40.2225	-0.3712	41.7899	-4.8253
5jzj2h	2022/11/17 16:14:55	bereave	iri	-23.6152	-37.6077	-26.1731	-24.0632	-19.5565	-10.3427	-5.9510	-3.9356	6.4470	3.9378	14.6795	14.5072	28.0743	15.8997	33.8053	12.2845	38.7404	7.8496	43.1743	3.4664	45.9795	-1.4252
5jzj2h	2022/11/17 16:14:55	bereave	iri	-24.0930	-37.3938	-26.4441	-23.3345	-18.3918	-10.7976	-4.7299	-4.2557	7.6239	4.4894	14.8435	15.3776	28.5939	16.4563	33.9630	12.9063	39.1802	8.9091	44.0358	5.3511	47.2567	0.6057
5jzj2h	2022/11/17 16:14:55	bereave	iri	-21.7323	-37.5120	-23.0878	-24.0440	-16.5661	-12.2413	-4.6250	-3.1683	7.2027	4.3115	15.7780	14.6339	30.0720	15.3790	35.3912	11.2917	39.6555	6.0820	43.7633	1.3613	47.2545	-3.0412
5jzj2h	2022/11/17 16:14:55	bereave	iri	-19.0138	-36.3128	-17.6356	-21.8082	-9.7935	-8.7592	-1.1217	1.6102	7.8895	10.8777	19.9549	16.5150	33.1266	12.9295	37.7048	8.3612	41.7071	2.9857	45.1085	-1.6140	47.9209	-7.1147
5jzj2h	2022/11/17 16:14:55	bereave	iri	-17.2091	-35.0459	-13.3667	-20.0731	-7.2459	-7.0399	-0.4350	4.8546	8.2227	14.6268	21.3937	18.0208	33.4997	12.3408	37.8330	7.9223	41.8085	2.8817	44.9376	-1.9554	47.3992	-7.5750
5jzj2h	2022/11/17 16:14:55	bereave	iri	-17.2663	-35.1227	-12.6412	-20.5576	-6.3773	-6.8924	-1.2877	5.4751	7.7123	15.9791	20.8875	18.7353	33.2072	13.0539	37.3372	8.1701	41.5502	3.3328	44.8162	-1.6965	47.5655	-7.4966
5jzj2h	2022/11/17 16:14:55	bereave	iri	-17.0747	-35.2118	-11.6255	-20.5186	-5.7624	-7.1198	-2.0223	5.7620	6.5709	15.8449	20.7347	18.7525	33.6960	12.7954	37.8684	8.1528	41.9555	3.0535	45.3129	-1.8037	48.2545	-7.3635
5jzj2h	2022/11/17 16:14:55	bereave	iri	-16.9991	-34.7510	-10.9851	-20.2886	-5.8920	-6.6764	-1.8048	5.6408	6.3154	15.5565	19.2878	18.7312	32.7337	13.5802	36.9386	8.5634	41.1511	3.6065	44.2727	-1.1253	46.9651	-6.8004
5jzj2h	2022/11/17 16:16:11	believe	ili	-18.9922	-37.4621	-17.2677	-23.6454	-14.5134	-11.0106	-9.3365	0.5355	0.7529	7.7303	13.3795	9.1219	24.5530	4.5559	31.4492	2.8363	38.3964	0.6407	44.6864	-2.2700	49.8357	-6.3568
5jzj2h	2022/11/17 16:16:11	believe	ili	-18.2037	-36.9265	-16.2945	-22.2503	-14.6218	-9.5173	-11.0040	2.9889	-0.9823	10.4294	12.5639	9.9482	23.9533	3.6685	30.8876	2.0887	38.8946	1.1952	46.1300	0.9541	53.1487	0.0454
5jzj2h	2022/11/17 16:16:11	believe	ili	-17.7789	-37.2882	-15.8314	-22.3126	-15.7681	-9.2873	-12.2573	4.2026	-2.6065	13.0988	11.7011	12.9563	22.1258	4.6186	28.7077	2.0568	36.7536	1.0814	44.0870	1.9662	50.5642	1.8743
5jzj2h	2022/11/17 16:16:11	believe	ili	-17.4596	-36.6487	-13.6358	-22.1381	-14.1214	-8.6548	-11.8362	4.5625	-2.8404	14.2232	12.1445	15.3664	22.1029	6.4011	28.0112	2.4754	35.8728	0.4007	42.7788	1.1251	49.4698	1.2383
5jzj2h	2022/11/17 16:16:11	believe	ili	-16.1914	-36.1649	-10.5743	-21.8784	-10.0538	-7.7777	-9.1309	6.4037	1.0264	15.7414	15.3889	16.3350	26.6000	7.8205	31.3463	3.0386	38.2663	0.5481	45.2191	-0.5581	52.0406	-1.1058
5jzj2h	2022/11/17 16:16:11	believe	ili	-16.4083	-36.2679	-10.4257	-22.2862	-8.2141	-7.8544	-5.7456	6.5694	3.9699	16.0110	18.2194	18.2058	31.4024	11.9055	35.2465	6.0302	40.2516	1.4998	45.7632	-2.3208	50.8461	-6.6879
5jzj2h	2022/11/17 16:16:11	believe	ili	-15.8568	-34.5869	-8.9161	-21.0605	-5.7972	-6.4847	-2.1792	7.5271	7.8853	17.3937	21.3137	18.3747	33.9962	13.7482	37.7838	8.4429	40.8567	2.4597	44.1885	-2.5220	46.8013	-7.9930
5jzj2h	2022/11/17 16:16:11	believe	ili	-15.9033	-34.5966	-8.4238	-20.7039	-5.4702	-5.8174	-1.3157	7.0320	8.2663	16.8001	20.8170	18.5596	33.8910	15.1059	38.0588	10.6952	41.1340	4.3893	43.7746	-1.5085	45.4002	-7.4764
5jzj2h	2022/11/17 16:16:11	believe	ili	-16.1523	-35.2162	-9.7253	-22.0719	-5.6984	-7.9353	-1.0326	4.6972	7.9959	15.2108	20.7700	18.4544	34.4920	15.6014	38.8889	11.2884	42.0134	5.6778	45.2609	0.3398	47.2425	-5.6887
5jzj2h	2022/11/17 16:16:11	believe	ili	-15.8140	-35.3567	-9.7262	-21.8860	-5.4668	-7.8652	-0.0270	4.2916	9.6689	14.2645	21.6116	17.9349	34.5312	14.5160	39.1680	9.8699	43.0210	4.7730	46.3330	-0.0435	48.7799	-5.9590
5jzj2h	2022/11/17 16:16:11	believe	ili	-15.6727	-34.5988	-9.8626	-20.9682	-5.4176	-7.8988	0.8048	4.3784	9.4668	13.9915	21.2287	17.2252	34.4049	13.8640	39.0427	9.2950	42.8724	4.7137	46.4219	-0.1368	49.1501	-5.7700
5jzj2h	2022/11/17 16:19:07	bereave	iri	-20.4349	-36.9626	-19.6094	-23.6350	-15.4293	-11.6507	-6.3983	-2.4726	4.1699	4.4038	15.5582	10.6774	29.0242	10.9469	34.9636	7.0295	39.0791	2.2246	42.6654	-1.9714	46.2796	-5.7386
5jzj2h	2022/11/17 16:19:07	bereave	iri	-21.8052	-38.0955	-23.5000	-24.2019	-18.3640	-11.5211	-6.9648	-3.7444	5.2103	3.9681	15.3045	13.3262	29.2770	12.6528	34.7183	8.6575	39.2186	4.4175	43.6861	0.9546	47.1295	-2.0396
5jzj2h	2022/11/17 16:19:07	bereave	iri	-22.3900	-39.3617	-25.9636	-25.9078	-20.1861	-12.0700	-5.8548	-4.8238	6.3499	5.0503	15.6694	16.1987	29.4834	13.6207	34.7373	9.9364	40.3568	7.2906	45.9166	5.4903	50.9422	3.2420
5jzj2h	2022/11/17 16:19:07	bereave	iri	-23.2108	-38.6400	-26.4911	-24.7052	-19.4332	-11.3429	-6.2400	-4.7613	6.6052	4.6002	14.4648	15.9793	28.2532	15.5147	33.7778	11.9036	39.9830	8.7071	45.2389	6.7196	49.9911	3.7450
5jzj2h	2022/11/17 16:19:07	bereave	iri	-22.1544	-38.2601	-24.4465	-25.1102	-17.8631	-12.0712	-5.4163	-3.9297	6.8865	4.3188	14.9762	16.1468	29.0792	15.5822	34.4953	11.5941	40.3005	7.7940	45.3705	5.2304	49.9617	1.6938
5jzj2h	2022/11/17 16:19:07	bereave	iri	-21.2755	-38.2387	-20.2051	-24.1947	-13.3503	-11.6455	-3.9387	-1.6605	6.4552	7.4421	16.8989	16.1791	31.1934	13.8955	36.4576	9.8618	40.7561	4.5863	44.9832	0.6384	48.6644	-4.2911
5jzj2h	2022/11/17 16:19:07	bereave	iri	-18.3145	-36.4577	-15.3554	-22.0833	-9.2028	-8.7416	-1.4816	3.3139	7.3287	13.8063	19.8495	18.0193	32.7785	12.7391	37.4317	8.1129	41.3251	2.8809	44.2176	-2.1447	46.1554	-7.6059
5jzj2h	2022/11/17 16:19:07	bereave	iri	-17.8831	-35.5135	-12.7353	-21.5604	-6.8104	-8.5428	-2.7695	4.7319	7.0441	14.8971	20.5372	17.9360	33.5492	12.2986	37.7892	7.3380	41.4307	1.7057	45.2208	-3.2254	48.4236	-8.8653
5jzj2h	2022/11/17 16:19:07	bereave	iri	-17.0668	-35.6416	-11.1032	-20.5662	-5.9677	-6.8300	-3.3022	7.1793	6.9943	15.6029	21.0247	18.6352	33.9006	13.2227	37.8449	8.0531	41.7727	2.9644	45.3198	-2.0642	48.3024	-7.7744
5jzj2h	2022/11/17 16:19:07	bereave	iri	-16.1476	-34.7863	-10.4614	-20.3431	-5.8663	-6.5519	-2.3396	6.6967	7.2349	15.5191	20.5678	18.1628	33.4683	13.4472	37.5510	8.3457	41.4240	3.2886	44.8286	-1.4519	47.8934	-6.9934
5jzj2h	2022/11/17 16:19:07	bereave	iri	-15.7610	-34.0846	-9.8577	-20.1164	-6.3796	-6.7934	-3.6377	6.3227	5.7482	15.3963	19.2837	17.6980	32.5224	13.8554	37.0231	8.9867	41.2327	3.8217	44.8247	-1.0680	48.1154	-6.6316
5jzj2h	2022/11/17 16:20:22	believe	ili	-18.7742	-37.5631	-17.5454	-23.9188	-15.6686	-11.4532	-10.6152	-0.0324	-1.6206	7.7502	11.1655	10.3091	21.9222	5.1051	28.1424	3.3248	34.3969	0.8923	39.7330	-2.9194	43.3020	-8.2744
5jzj2h	2022/11/17 16:20:22	believe	ili	-18.0382	-36.6259	-16.7151	-22.4072	-16.6269	-8.8332	-12.7550	3.2922	-3.1513	12.0223	10.7851	12.4130	21.3924	4.1560	28.1508	2.3069	36.5307	0.7812	43.5096	-0.8373	49.8870	-3.4877
5jzj2h	2022/11/17 16:20:22	believe	ili	-17.6109	-37.1816	-15.0554	-22.5443	-16.3100	-9.4130	-13.8349	5.4635	-3.5112	14.4386	11.3683	13.3595	22.2500	3.6981	28.7564	0.7700	36.3800	-0.3935	43.3807	0.3764	50.4895	1.5400
5jzj2h	2022/11/17 16:20:22	believe	ili	-18.0585	-37.8829	-13.7071	-22.9748	-15.1110	-9.9745	-14.2060	4.6441	-4.1820	15.3802	11.1879	15.3178	21.6972	5.1486	27.8300	1.4754	35.1219	-0.6529	43.2278	0.8783	49.7676	2.2005
5jzj2h	2022/11/17 16:20:22	believe	ili	-18.0599	-37.7581	-12.6093	-22.7706	-12.9569	-8.6924	-12.4974	5.7951	-3.3686	16.2691	12.6504	16.4610	22.7278	6.2697	27.6830	1.6645	34.7831	-1.2154	42.3504	-1.3634	49.2964	-0.1768
5jzj2h	2022/11/17 16:20:22	believe	ili	-16.9761	-37.3858	-10.2151	-23.2271	-10.7811	-9.3530	-11.1095	6.5089	-1.6194	17.0037	13.9900	18.2470	25.4372	8.6765	29.5460	3.1956	36.2975	-0.0972	43.5498	-1.5120	50.2513	-2.9886
5jzj2h	2022/11/17 16:20:22	believe	ili	-16.1108	-36.4862	-9.6773	-22.2385	-8.3288	-8.2253	-6.3502	7.2940	2.9080	17.4579	17.3645	19.4596	29.7030	10.9541	33.3830	5.3145	38.6906	0.9985	44.1760	-2.8664	49.0654	-6.6075
5jzj2h	2022/11/17 16:20:22	believe	ili	-15.9816	-36.8577	-9.0177	-22.1318	-6.8592	-7.4198	-3.5384	6.0318	4.8694	17.0695	18.6720	19.6322	32.1259	13.7457	35.6019	7.8703	38.7118	2.2728	42.4664	-3.0499	46.0791	-7.9890
5jzj2h	2022/11/17 16:20:22	believe	ili	-15.3130	-35.3743	-7.4294	-19.5465	-5.7993	-5.6204	-2.0654	8.1822	7.6684	17.1666	20.8091	19.7626	33.6108	14.1696	36.6131	8.4845	39.6745	3.1903	42.7671	-2.2682	45.8223	-7.3314
5jzj2h	2022/11/17 16:20:22	believe	ili	-14.7780	-34.6295	-7.2983	-19.7201	-5.1811	-5.3209	-3.0411	9.4305	6.4115	19.4898	20.3262	19.7240	33.5922	14.1418	37.4340	8.7263	41.0494	2.9367	44.5385	-1.7950	47.5347	-6.9757
5jzj2h	2022/11/17 16:20:22	believe	ili	-14.9539	-35.7860	-7.7093	-20.1230	-4.7868	-5.8587	-2.9390	8.7402	6.9345	18.0589	20.6901	18.8688	33.6758	13.6183	37.6721	8.6459	41.2281	3.2804	44.5276	-1.7590	47.6364	-7.0488
5jzj2h	2022/11/17 16:23:08	bereave	iri	-20.6074	-38.8306	-21.1452	-25.1308	-17.5494	-12.6404	-7.5212	-3.8789	3.5710	3.0217	14.2432	10.0951	26.8432	10.9735	32.9285	8.2791	37.0792	3.5686	39.5065	-1.2610	39.8485	-6.8471
5jzj2h	2022/11/17 16:23:08	bereave	iri	-22.2699	-39.1593	-24.9295	-25.3928	-20.0044	-12.0919	-7.6151	-5.0106	4.6295	3.5855	14.7522	13.6423	28.4043	13.7252	33.8360	9.8939	37.3245	4.8436	39.9032	-0.2220	40.0937	-5.6680
5jzj2h	2022/11/17 16:23:08	bereave	iri	-23.6574	-38.2444	-27.1934	-25.5484	-21.7917	-12.7331	-7.6160	-4.9370	5.3870	4.4383	14.9728	15.7990	28.7349	14.7568	34.1013	11.3206	39.8716	8.0928	45.0139	5.5942	49.4679	2.2168
5jzj2h	2022/11/17 16:23:08	bereave	iri	-24.1877	-37.6563	-26.8496	-24.5369	-20.4099	-11.6150	-6.4721	-4.7582	6.5109	4.8738	14.3772	16.7288	28.0505	16.0542	33.7923	12.8398	39.4419	9.9090	44.4738	7.0250	47.5882	1.8743
5jzj2h	2022/11/17 16:23:08	bereave	iri	-22.0901	-37.8525	-23.1834	-24.8251	-17.1367	-12.3133	-5.5744	-3.6106	5.6032	4.1128	13.9370	14.6862	27.4230	17.1158	32.8201	13.4782	37.5795	8.5522	42.5351	4.2821	46.2331	-0.0488
5jzj2h	2022/11/17 16:23:08	bereave	iri	-19.5342	-36.7463	-18.4953	-22.7540	-10.9101	-9.8692	-1.3188	1.2655	7.1688	11.2892	18.9527	18.2990	31.7505	13.5527	36.5589	9.1162	41.0046	4.1029	45.0647	0.2974	48.8931	-4.6323
5jzj2h	2022/11/17 16:23:08	bereave	iri	-18.5059	-36.2131	-14.2400	-22.4173	-8.6387	-9.0739	-2.7780	3.4519	6.1428	14.5566	19.4471	18.8386	32.6767	13.5129	36.9243	8.6486	40.9014	3.6789	44.1718	-1.3679	46.7335	-7.1871
5jzj2h	2022/11/17 16:23:08	bereave	iri	-16.7828	-34.9289	-11.4503	-20.5193	-6.8704	-7.2575	-2.3363	5.5031	6.7347	15.1949	19.8379	18.1000	32.7649	13.3434	36.9764	8.4914	41.2420	3.8372	45.0408	-0.6877	48.5728	-5.8003
5jzj2h	2022/11/17 16:23:08	bereave	iri	-15.9656	-35.0137	-10.2234	-20.4242	-6.5784	-6.6543	-2.7007	6.6245	6.6046	15.9367	20.2994	18.6834	33.4037	13.3001	37.5241	8.3182	41.5707	3.7394	45.4692	-0.8444	48.9264	-6.1442
5jzj2h	2022/11/17 16:23:08	bereave	iri	-15.1832	-34.4505	-10.0676	-20.8262	-6.0447	-7.1081	-3.1503	6.3696	5.8666	16.0260	19.2618	19.0305	32.8748	13.9029	37.1453	8.9008	41.2482	3.9626	44.9865	-0.8359	48.3776	-6.3677
5jzj2h	2022/11/17 16:23:08	bereave	iri	-15.1951	-34.7512	-10.4554	-20.6667	-7.4624	-7.2936	-3.4711	5.0218	5.4798	14.8853	18.5347	17.6587	31.5950	12.7520	36.0287	8.0847	40.6287	3.6751	44.6372	-0.7266	47.8513	-6.0796
5jzj2h	2022/11/17 16:24:24	believe	ili	-17.3030	-36.5682	-13.9946	-22.9172	-13.7006	-9.9974	-9.3442	2.6940	0.0663	11.2243	13.9798	12.2541	24.8557	5.5069	31.1582	2.5598	38.3128	1.0174	44.7864	-1.8851	50.8262	-5.7700
5jzj2h	2022/11/17 16:24:24	believe	ili	-18.6548	-37.4471	-14.5741	-22.8097	-14.3397	-9.1823	-12.0523	4.1371	-2.0928	13.3553	13.0154	13.3407	23.8814	5.1491	30.4404	2.4115	37.9479	1.2883	44.8664	1.4198	51.9106	2.6801
5jzj2h	2022/11/17 16:24:24	believe	ili	-19.1654	-36.6864	-16.0989	-22.1784	-17.5241	-9.4308	-13.5571	5.3063	-3.3867	15.0375	12.4631	12.8592	24.5918	4.0983	31.1678	1.6716	38.8565	0.4908	45.5531	0.7537	52.1596	0.7743
5jzj2h	2022/11/17 16:24:24	believe	ili	-19.3389	-37.3320	-15.1371	-22.5885	-17.0239	-9.9099	-14.6624	4.7494	-3.9460	15.8029	11.9362	15.2459	22.7059	5.6402	29.1814	1.8561	37.3593	0.3738	44.6541	-0.0599	51.4553	-0.1973
5jzj2h	2022/11/17 16:24:24	believe	ili	-17.1502	-37.2895	-9.9999	-22.8824	-12.3840	-9.5299	-10.9456	4.5078	-1.9692	17.0485	13.9321	17.8567	25.7981	8.4250	30.2789	3.0707	37.2607	-0.0751	44.5512	-1.6013	51.5303	-1.7144
5jzj2h	2022/11/17 16:24:24	believe	ili	-15.7861	-36.9492	-9.2823	-23.2011	-9.2670	-8.6785	-7.1780	5.7655	3.6475	17.6463	18.2098	18.6066	31.0119	11.3087	34.4588	5.2245	39.5039	0.5576	45.2453	-3.3975	50.5883	-7.5698
5jzj2h	2022/11/17 16:24:24	believe	ili	-16.7850	-35.7222	-9.3034	-21.9832	-8.6365	-7.0228	-4.1279	6.4355	5.7828	18.5455	20.3198	19.4700	33.3372	13.5852	36.3020	6.5919	39.6730	-0.1280	44.6019	-5.3234	49.0036	-10.3576
5jzj2h	2022/11/17 16:24:24	believe	ili	-15.1698	-33.8152	-5.2680	-21.1429	-6.0526	-7.2132	-2.2170	6.6194	7.0094	18.7895	20.9044	20.1182	33.3964	15.5906	37.1071	9.1796	39.9254	2.0703	43.8744	-3.2296	47.2002	-8.8858
5jzj2h	2022/11/17 16:24:24	believe	ili	-15.7945	-33.2738	-4.2730	-20.2725	-4.9362	-7.5570	-0.6667	5.4990	8.5157	17.6419	21.7662	19.8281	34.3338	13.9319	37.5842	7.9474	41.0462	1.8919	45.0491	-3.2260	48.3365	-8.7656
5jzj2h	2022/11/17 16:24:24	believe	ili	-14.0359	-34.1900	-6.2330	-20.4586	-6.1907	-6.4205	-2.3478	8.8274	7.6593	19.3237	21.4709	19.2981	34.0415	13.5633	37.8108	8.0241	41.5354	2.3431	45.3678	-2.6072	48.4486	-8.0643
5jzj2h	2022/11/17 16:24:24	believe	ili	-14.5001	-34.3958	-5.6322	-20.7060	-4.7589	-5.7470	-1.9320	8.5783	7.4645	18.6507	21.3834	19.1911	33.7000	12.2053	37.7354	6.8397	41.9176	1.8690	46.0814	-2.9595	49.6307	-8.2897
