6p63jy	2022/12/07 17:43:12	bereave	iri	-24.4744	-31.8525	-26.6551	-18.6461	-22.0346	-6.7944	-12.9269	1.9413	-3.3081	8.8710	7.4941	14.8077	19.6315	11.7754	23.9167	7.6739	27.5857	3.5029	30.3423	-0.8031	32.1247	-5.7657
6p63jy	2022/12/07 17:43:12	bereave	iri	-25.6215	-32.2958	-28.6513	-19.1436	-23.5089	-7.1289	-13.4634	1.5572	-3.6702	9.3576	6.8761	16.4081	19.3103	12.8875	23.6226	8.5271	27.5027	4.2279	30.9956	-0.0952	33.8249	-4.9313
6p63jy	2022/12/07 17:43:12	bereave	iri	-26.3523	-30.9094	-28.9906	-18.3395	-23.5546	-7.1335	-13.4469	0.6124	-4.0543	9.1308	6.0721	17.2581	18.9139	13.1761	23.6043	8.5258	28.0242	4.9725	32.4802	2.4939	36.0919	-2.0381
6p63jy	2022/12/07 17:43:12	bereave	iri	-26.9187	-31.7930	-29.5398	-18.9993	-23.1727	-7.6037	-12.0678	0.2356	-3.4301	10.0626	7.1002	17.9304	18.8518	13.5777	23.0367	9.3305	25.6662	4.0915	27.6103	-1.0840	29.1336	-6.6320
6p63jy	2022/12/07 17:43:12	bereave	iri	-26.3828	-31.4367	-28.5988	-18.6306	-21.5583	-7.1969	-10.4448	1.2032	-2.8377	11.6608	7.8367	18.9078	20.0120	13.9815	24.3245	9.5919	28.1954	5.6667	31.6836	1.6595	34.0245	-3.8734
6p63jy	2022/12/07 17:43:12	bereave	iri	-25.1402	-31.5117	-26.3994	-17.5936	-17.8222	-6.6394	-8.3186	3.3092	-2.3397	13.5188	8.3428	20.2750	20.2772	14.7249	24.6785	10.5192	29.7569	7.3816	34.6929	4.7054	39.1553	1.1856
6p63jy	2022/12/07 17:43:12	bereave	iri	-23.0963	-30.7752	-22.8107	-16.8226	-14.2264	-5.3260	-7.9883	6.1016	-1.3293	16.2838	11.0896	20.7072	22.1076	14.8847	26.0659	10.5418	30.4519	7.1371	35.2987	4.2564	40.2209	1.3297
6p63jy	2022/12/07 17:43:12	bereave	iri	-22.4248	-29.5397	-19.1727	-15.8179	-12.1958	-4.2723	-8.1075	7.9944	-0.3822	17.1731	11.7775	20.7807	23.2039	15.4111	26.7803	10.9776	30.8738	7.1178	34.6769	3.4432	37.9338	-0.9043
6p63jy	2022/12/07 17:43:12	bereave	iri	-20.3708	-28.3930	-16.0943	-15.3024	-11.2629	-3.2294	-8.8243	10.0979	-0.1443	18.7399	12.0751	20.6129	23.4689	14.9356	27.1364	10.5383	30.8913	6.3540	34.7346	2.1415	37.6045	-2.7647
6p63jy	2022/12/07 17:43:12	bereave	iri	-20.4662	-28.8252	-16.0718	-15.9307	-11.7010	-3.6352	-9.5903	9.8014	-0.6801	17.9687	11.9188	19.4760	23.8208	14.2738	27.6952	9.8348	31.2660	5.1680	35.0194	0.2750	37.1758	-5.2238
6p63jy	2022/12/07 17:43:12	bereave	iri	-20.9113	-29.0137	-16.2080	-16.3164	-11.9982	-3.7988	-10.1594	9.3531	-1.5983	17.9858	10.6750	19.3824	22.5924	14.3070	26.8179	10.0131	30.5965	5.3789	34.2330	0.6897	36.9960	-4.5508
6p63jy	2022/12/07 17:44:25	believe	ili	-21.0237	-31.6498	-20.6810	-18.1580	-20.1452	-6.3578	-17.0265	6.1605	-7.2735	12.1459	5.1682	15.3201	15.9580	9.0389	20.2868	5.3283	26.0741	2.9248	31.7660	0.6545	36.7578	-2.5423
6p63jy	2022/12/07 17:44:25	believe	ili	-19.8852	-32.4208	-20.8812	-18.8549	-21.1902	-6.6264	-18.4651	6.0693	-9.0228	13.2056	3.2580	14.9112	14.3463	8.0645	20.0781	4.9469	26.9323	3.7936	33.7276	2.9349	40.3757	2.1230
6p63jy	2022/12/07 17:44:25	believe	ili	-18.3899	-32.1048	-20.3831	-18.9135	-22.8245	-7.2702	-20.4105	6.0573	-10.5086	14.3522	3.2055	14.1541	14.0936	6.3475	20.2228	3.7367	27.1265	3.7715	33.1233	5.6371	39.9900	7.7837
6p63jy	2022/12/07 17:44:25	believe	ili	-16.9896	-32.9233	-19.4679	-20.5432	-22.7950	-8.2835	-21.1443	5.0885	-11.7266	14.6595	2.2487	15.8727	13.1131	7.2989	19.2768	3.9047	25.9442	3.4727	32.8186	4.0254	39.7218	5.0404
6p63jy	2022/12/07 17:44:25	believe	ili	-16.9015	-32.9141	-16.4309	-20.2689	-19.2687	-7.4236	-18.4373	5.8789	-10.1936	15.5360	3.2489	17.2167	14.5158	10.7502	19.7391	6.8491	26.4182	4.7559	33.1336	3.8244	39.8846	3.7367
6p63jy	2022/12/07 17:44:25	believe	ili	-16.8225	-31.4695	-14.0029	-19.2186	-16.2178	-6.8059	-15.2322	7.2652	-6.9325	17.1693	6.2423	18.9561	18.8910	13.3366	23.3983	8.4713	28.6584	4.9930	34.7129	2.6028	40.8831	-0.0487
6p63jy	2022/12/07 17:44:25	believe	ili	-16.2373	-31.2402	-11.9466	-19.8938	-13.5861	-6.9963	-12.1422	6.5461	-5.2602	17.1114	7.5413	19.8918	20.6193	14.9796	24.8730	10.6762	29.7854	6.4895	35.2008	3.4180	40.3644	0.2327
6p63jy	2022/12/07 17:44:25	believe	ili	-16.4685	-30.6899	-11.4970	-19.1513	-12.0036	-5.6748	-11.4878	7.8718	-3.9780	17.7835	8.9627	20.1488	21.3898	15.8933	25.8423	11.8024	29.8524	6.7301	34.4908	2.2278	38.5949	-2.6845
6p63jy	2022/12/07 17:44:25	believe	ili	-16.7576	-31.3278	-11.9337	-19.5342	-11.6864	-6.9606	-11.0961	6.4086	-4.3755	16.7406	8.6790	19.2883	21.9665	15.9053	26.3894	12.2252	30.1968	7.2288	33.8602	2.3269	36.9850	-3.0502
6p63jy	2022/12/07 17:44:25	believe	ili	-16.9168	-31.2887	-12.6651	-19.3982	-11.7428	-6.4576	-10.8547	6.7753	-2.7171	16.1574	10.3786	19.0209	23.0981	14.4460	26.7933	9.9342	30.3809	5.1044	34.5771	0.5738	37.8043	-4.6802
6p63jy	2022/12/07 17:44:25	believe	ili	-17.5271	-31.2794	-14.7863	-17.8530	-13.0681	-4.9576	-10.9654	7.5042	-2.6819	15.7972	9.7989	18.2992	22.1910	13.9985	26.6446	9.7010	30.2161	4.7373	34.3809	0.1351	37.8468	-5.6164
6p63jy	2022/12/07 17:47:12	bereave	iri	-22.2558	-30.1716	-24.1896	-17.0595	-18.8962	-5.7127	-11.3444	3.6058	-2.7440	11.1482	7.3442	16.3184	18.8973	13.1940	23.6550	9.4321	29.2584	6.7819	34.4345	5.5595	39.5080	5.0106
6p63jy	2022/12/07 17:47:12	bereave	iri	-23.2142	-30.1260	-25.4132	-17.2301	-19.7669	-6.2658	-11.2991	2.8042	-4.1250	11.8763	6.4555	17.8454	18.4329	15.0167	24.0000	11.3960	29.3682	8.4428	34.3835	6.4136	37.8797	1.4162
6p63jy	2022/12/07 17:47:12	bereave	iri	-23.8586	-31.8827	-26.8161	-19.5398	-21.1354	-7.3045	-11.8369	0.7364	-3.9713	10.5016	5.9336	18.6044	18.1491	15.0753	23.3302	11.4657	29.1972	9.2663	33.8683	7.4876	40.3899	9.6676
6p63jy	2022/12/07 17:47:12	bereave	iri	-24.5529	-31.3937	-26.5857	-18.6418	-20.5504	-7.2948	-10.7204	0.9320	-3.3389	11.0088	6.3224	19.0488	17.5960	14.5835	22.0525	10.7858	27.4408	7.8187	32.3517	5.2524	36.9588	1.8733
6p63jy	2022/12/07 17:47:12	bereave	iri	-23.7698	-30.2741	-25.2402	-16.8424	-17.7825	-5.6659	-8.9119	2.9644	-2.5264	12.8892	7.3800	19.8744	17.9590	15.2431	22.6451	11.8186	28.5157	9.9943	33.8863	9.0377	39.1442	5.5578
6p63jy	2022/12/07 17:47:12	bereave	iri	-22.6660	-30.0596	-23.4523	-16.1525	-15.1795	-5.0245	-8.4900	5.1815	-1.9569	15.4355	9.5112	20.5668	20.6856	15.3523	24.9174	11.3814	29.1891	8.0561	33.2449	4.3134	36.8090	-0.1528
6p63jy	2022/12/07 17:47:12	bereave	iri	-22.3537	-29.6199	-20.0174	-16.1199	-13.0086	-4.5999	-8.6626	6.9494	-0.9452	15.9623	10.3944	20.3148	21.0548	14.5400	25.4734	10.7519	31.0593	8.6581	36.4951	6.8617	41.7991	4.1248
6p63jy	2022/12/07 17:47:12	bereave	iri	-21.4422	-29.2479	-17.0039	-16.3924	-12.0599	-4.0978	-8.9558	8.6163	-0.4880	16.7449	11.4391	20.5947	22.1739	14.3284	26.4040	10.2940	32.0311	7.4971	37.3701	5.3358	42.6128	3.0341
6p63jy	2022/12/07 17:47:12	bereave	iri	-20.6178	-28.8940	-15.5278	-16.3141	-11.7265	-4.2049	-9.7783	9.1967	-0.8039	17.8363	12.0044	20.2230	23.8182	14.2765	28.1253	10.2942	33.7018	7.2156	39.2552	4.5474	44.4427	1.7978
6p63jy	2022/12/07 17:47:12	bereave	iri	-19.3875	-28.5181	-14.7912	-16.1560	-11.4659	-3.6318	-9.8458	9.1915	-0.9187	18.1825	12.3230	19.6450	23.4796	13.5895	27.6607	9.1373	32.6229	5.7704	37.8017	2.7191	42.4043	-1.0484
6p63jy	2022/12/07 17:47:12	bereave	iri	-20.0170	-29.2583	-15.0377	-16.5034	-12.5140	-4.2376	-10.4932	8.5930	-1.1788	16.8209	11.4905	19.5180	23.5664	14.0482	27.2510	8.9983	31.4443	4.7767	36.0265	1.2778	40.9521	-2.3313
6p63jy	2022/12/07 17:48:25	believe	ili	-18.5540	-30.8912	-20.9341	-18.1999	-20.1176	-5.6646	-16.3230	5.3847	-6.9320	11.9604	4.7375	15.6996	14.9062	9.3798	20.0145	5.6074	25.3158	3.3313	31.2395	1.0895	36.6746	-1.7214
6p63jy	2022/12/07 17:48:25	believe	ili	-18.3908	-31.1555	-20.7283	-18.0951	-21.1474	-5.9169	-17.5623	6.5208	-7.5424	13.6076	4.7972	14.7553	15.1470	7.0857	21.1055	4.4906	28.1438	3.8966	34.9793	3.3727	41.5833	2.2205
6p63jy	2022/12/07 17:48:25	believe	ili	-19.3515	-30.1374	-20.1281	-17.3445	-22.6775	-5.4567	-19.1019	7.5147	-8.8039	14.4837	3.8868	14.5196	14.1742	6.3535	20.5535	4.0675	27.7935	4.3905	33.6276	6.3211	40.0360	7.8077
6p63jy	2022/12/07 17:48:25	believe	ili	-19.8512	-30.4250	-20.4114	-17.2202	-21.9244	-4.6629	-19.3854	8.4413	-9.3000	15.6912	4.0316	15.5424	13.4899	7.0348	19.5879	4.2449	26.4228	4.3246	32.7487	5.2271	39.9390	7.0143
6p63jy	2022/12/07 17:48:25	believe	ili	-17.4509	-30.3122	-18.6884	-17.3410	-21.1210	-5.5267	-18.6862	7.5023	-8.9990	15.9518	4.4664	16.6014	14.4389	8.3440	20.2396	4.9404	26.6640	3.9279	33.7140	3.7541	40.4912	4.5067
6p63jy	2022/12/07 17:48:25	believe	ili	-17.2653	-29.9915	-14.8880	-17.4262	-16.8640	-5.0242	-14.8356	9.3757	-4.6721	17.7239	8.3365	18.4558	19.6216	12.2845	24.1293	7.7072	29.6030	4.7361	35.5697	3.0949	41.6250	1.4936
6p63jy	2022/12/07 17:48:25	believe	ili	-16.5404	-29.1911	-12.9700	-17.0925	-14.2570	-4.0534	-12.4755	9.4629	-3.6384	19.1228	9.6084	20.0899	22.4858	15.4659	26.4458	10.4876	30.0332	5.1143	35.2386	0.8644	40.5118	-2.9483
6p63jy	2022/12/07 17:48:25	believe	ili	-17.7068	-29.6075	-13.1721	-17.4863	-13.1583	-4.7901	-10.8341	8.9503	-2.5028	18.1006	10.1638	20.2152	22.5002	16.7110	26.4540	12.8873	30.1694	8.4064	33.5899	3.1934	36.5735	-2.9568
6p63jy	2022/12/07 17:48:25	believe	ili	-16.3721	-29.6724	-12.6280	-17.5211	-12.2750	-5.3614	-10.0170	7.4852	-2.4033	17.6000	10.5222	20.0533	23.0092	16.0706	26.9444	11.6440	31.2012	7.2446	35.7514	3.1457	39.8624	-1.8169
6p63jy	2022/12/07 17:48:25	believe	ili	-15.9553	-29.3736	-12.3403	-17.3322	-12.2439	-4.8982	-10.0130	7.3407	-2.4093	16.7542	10.2892	19.6113	23.0749	16.5746	27.2059	12.3018	30.8873	7.2914	35.1455	2.7712	38.0582	-3.1585
6p63jy	2022/12/07 17:48:25	believe	ili	-16.2607	-30.0087	-13.5966	-17.3891	-12.8738	-4.5169	-10.4105	8.4946	-2.1203	16.5542	10.0187	19.1822	22.9903	16.2182	27.1614	12.1156	31.0266	7.4009	35.1713	3.4573	38.6245	-1.5091
6p63jy	2022/12/07 17:51:08	bereave	iri	-22.3132	-30.0982	-24.2845	-16.4032	-20.2347	-4.7674	-12.2983	4.0405	-3.9815	12.3679	6.4713	17.7309	18.2321	15.2762	23.1398	11.0580	27.8669	7.1504	32.8548	3.8775	37.7008	0.0231
6p63jy	2022/12/07 17:51:08	bereave	iri	-21.9435	-30.5114	-24.5129	-17.8612	-20.7005	-5.2837	-12.4319	3.6421	-3.9622	11.8349	6.3471	18.8308	18.1300	15.6185	22.6543	11.2428	27.7962	7.5402	33.1183	4.7347	38.2670	1.5111
6p63jy	2022/12/07 17:51:08	bereave	iri	-22.8253	-31.0310	-25.8809	-18.7562	-21.5343	-6.1818	-12.3712	2.5150	-3.7669	11.1256	5.8764	18.7383	17.5184	16.0141	21.7919	11.3230	26.1814	6.9194	30.4133	3.4846	34.4581	-0.6222
6p63jy	2022/12/07 17:51:08	bereave	iri	-24.5052	-30.7424	-26.7510	-17.1891	-20.6153	-6.5454	-11.5005	2.0931	-3.7888	11.5299	6.1325	19.2586	17.8629	15.2324	22.3484	10.9155	26.9003	6.8148	31.2083	3.5815	34.7579	-0.3210
6p63jy	2022/12/07 17:51:08	bereave	iri	-24.0803	-31.1633	-26.2130	-18.2795	-19.4545	-6.5788	-10.5187	2.9711	-3.6276	12.6920	6.5433	20.0054	18.0889	15.9344	22.3440	11.3686	27.0745	7.4866	31.6437	4.2331	36.1539	0.6216
6p63jy	2022/12/07 17:51:08	bereave	iri	-22.1888	-31.2261	-24.4067	-18.3744	-18.3870	-7.0393	-10.5411	3.7419	-3.4983	13.6927	7.7085	20.5176	19.1771	15.8537	23.4304	11.5648	28.4075	8.3064	33.6991	5.3710	38.7891	2.1723
6p63jy	2022/12/07 17:51:08	bereave	iri	-20.1602	-29.6246	-20.2055	-15.6545	-14.2457	-3.5365	-9.5742	7.3001	-1.5221	16.6443	10.4275	20.7355	21.4193	16.0404	25.4705	11.9762	30.3721	8.6895	35.5241	5.9391	40.9372	3.4049
6p63jy	2022/12/07 17:51:08	bereave	iri	-20.4122	-28.6991	-17.6745	-15.4890	-12.9467	-2.9008	-11.0499	9.5408	-2.4758	18.1162	9.8816	20.4252	21.5971	15.7275	26.1952	11.8845	30.9455	7.6137	35.2163	3.4769	38.8667	-0.8058
6p63jy	2022/12/07 17:51:08	bereave	iri	-20.8718	-29.0866	-16.6242	-16.7033	-12.9596	-4.0326	-10.7019	8.6877	-2.2317	17.6286	10.5991	20.2600	22.6059	15.4725	27.1371	11.8150	31.6038	7.5582	35.5339	3.1866	38.7094	-2.0671
6p63jy	2022/12/07 17:51:08	bereave	iri	-20.4924	-29.2672	-16.0610	-16.1300	-13.0668	-3.7419	-10.6154	8.8827	-1.4866	17.0817	11.0530	19.8055	23.0104	14.9892	26.9846	10.8339	31.8615	7.2355	36.1643	3.5846	39.6820	-0.9811
6p63jy	2022/12/07 17:51:08	bereave	iri	-19.9092	-29.9022	-17.1942	-16.3766	-14.4851	-3.9775	-11.0170	7.9813	-0.9944	15.5263	11.1576	18.8389	23.6921	13.5170	27.6627	9.0222	31.9819	5.3639	36.6482	2.5005	41.1431	-1.0121
6p63jy	2022/12/07 17:52:22	believe	ili	-18.8878	-31.8030	-21.2632	-18.9054	-21.2352	-6.8149	-17.1438	4.5346	-7.4997	12.4920	4.8795	15.3343	14.6199	8.0039	19.9014	4.8947	25.7475	3.3622	32.4057	2.0285	38.9633	0.0629
6p63jy	2022/12/07 17:52:22	believe	ili	-19.3529	-30.7324	-21.0997	-18.0977	-21.8811	-6.2519	-18.1095	5.6852	-8.4060	13.2886	3.8222	15.2728	13.4757	7.4136	19.2591	4.4558	25.9833	3.5812	32.7589	3.1871	39.2371	2.7892
6p63jy	2022/12/07 17:52:22	believe	ili	-20.2775	-30.8304	-21.1352	-18.0278	-22.7526	-6.1043	-19.9722	6.9914	-9.7808	14.1293	2.7242	15.2024	12.6715	7.3727	18.2432	4.6230	25.4502	4.0558	31.8941	4.9630	38.1594	5.9904
6p63jy	2022/12/07 17:52:22	believe	ili	-19.7942	-29.6009	-20.0934	-17.1357	-22.5065	-5.3142	-19.1279	7.7357	-9.5221	15.2024	3.3789	16.0046	13.0317	6.9875	18.5918	3.9936	25.6686	3.4851	32.5007	4.1586	38.9464	5.3628
6p63jy	2022/12/07 17:52:22	believe	ili	-18.5398	-29.6502	-18.5327	-16.9681	-20.7878	-5.1836	-17.7138	7.7413	-8.4472	15.8375	4.6454	17.1371	14.6087	9.1395	20.2894	5.9162	26.9888	4.5316	33.7822	4.3355	40.0637	4.7369
6p63jy	2022/12/07 17:52:22	believe	ili	-16.7023	-30.1433	-15.7763	-17.2676	-17.4170	-4.7503	-15.6912	8.7104	-6.1586	16.8888	7.1961	18.6622	18.8748	12.5985	23.6036	8.2116	28.9917	4.9673	35.1204	2.4350	40.8968	-0.5446
6p63jy	2022/12/07 17:52:22	believe	ili	-17.1310	-29.3969	-14.0481	-16.7944	-14.7949	-3.8633	-12.6005	9.1367	-4.5100	18.2694	8.0460	20.2260	20.1330	14.8659	24.0453	10.3341	28.3647	5.8683	33.5629	2.1839	38.5350	-1.4483
6p63jy	2022/12/07 17:52:22	believe	ili	-17.6134	-28.9826	-13.0520	-17.0444	-13.6652	-4.8345	-11.1385	8.3363	-3.7149	18.6635	9.1380	20.7425	21.4880	16.5065	25.4852	11.9640	29.3615	7.3396	33.1897	2.5913	36.7733	-2.6112
6p63jy	2022/12/07 17:52:22	believe	ili	-17.2038	-29.1413	-13.0772	-17.1862	-13.4092	-4.1668	-11.2578	9.1629	-2.5447	17.9266	10.0456	20.3110	22.2270	16.6010	26.1722	12.4502	29.6102	7.6433	33.3265	2.7484	36.7010	-2.9118
6p63jy	2022/12/07 17:52:22	believe	ili	-16.9423	-28.5884	-13.5805	-16.1728	-13.4368	-4.2191	-11.0070	8.2327	-2.6894	17.5913	9.4965	20.3567	22.3640	16.7404	26.1869	12.3380	29.3776	7.7196	32.6935	2.6190	35.7360	-2.9663
6p63jy	2022/12/07 17:52:22	believe	ili	-17.8246	-29.1327	-15.0787	-16.0310	-13.6906	-3.9537	-10.3790	7.8915	-1.5926	16.4844	11.3236	19.5133	23.7194	14.9460	27.0594	9.7983	29.9784	4.8862	33.9187	0.0229	36.8757	-5.0146
6p63jy	2022/12/07 17:55:03	bereave	iri	-22.7321	-29.5689	-25.2500	-16.6528	-20.2594	-5.1252	-12.4546	3.4539	-3.7196	11.1956	6.5221	17.6831	18.3043	14.3103	22.6625	10.8215	27.4202	7.0519	31.6165	4.4353	35.6486	0.7942
6p63jy	2022/12/07 17:55:03	bereave	iri	-23.0067	-30.1957	-25.5753	-17.5972	-20.8694	-6.1409	-12.5296	2.6364	-4.0246	10.2434	4.6618	17.6988	17.0965	15.2799	22.1783	11.5262	27.8482	8.1375	32.9551	5.0251	38.0421	0.8832
6p63jy	2022/12/07 17:55:03	bereave	iri	-24.1832	-31.5311	-26.3593	-18.5576	-21.0877	-7.1584	-12.3260	1.5011	-3.8352	10.7941	5.4994	18.7931	17.6178	15.0157	21.7199	10.3420	25.9186	6.5968	30.2798	2.6634	33.7406	-1.9767
6p63jy	2022/12/07 17:55:03	bereave	iri	-24.5494	-30.8909	-26.4988	-17.7233	-20.2591	-6.5528	-10.9132	2.2738	-3.1914	10.9587	5.7455	18.5506	17.1909	14.6262	21.1107	10.3336	25.7284	6.8818	29.9860	3.8620	34.0989	0.5785
6p63jy	2022/12/07 17:55:03	bereave	iri	-23.5433	-30.7962	-24.9498	-17.1565	-18.4246	-5.7123	-9.9665	3.2378	-3.2623	12.1715	6.9702	19.3761	18.0631	14.5063	22.6610	10.9195	28.3354	8.9463	33.9021	8.3215	39.0561	6.3362
6p63jy	2022/12/07 17:55:03	bereave	iri	-21.7718	-29.6089	-22.3846	-16.3639	-16.7248	-4.8864	-9.8496	4.7207	-3.1481	14.1555	6.9416	20.3540	18.3845	15.4591	22.8532	11.6528	28.4144	9.4191	34.1059	8.6225	39.6732	6.8419
6p63jy	2022/12/07 17:55:03	bereave	iri	-21.4533	-30.1334	-19.3317	-16.7530	-13.7787	-4.5721	-10.6843	8.2210	-1.8700	16.7755	10.0672	21.3274	20.9165	15.5506	25.1978	11.6627	30.6280	9.2223	35.9619	7.0184	41.4545	4.4233
6p63jy	2022/12/07 17:55:03	bereave	iri	-20.8300	-29.0630	-16.4305	-15.8131	-12.7946	-3.1776	-10.3224	9.2486	-1.9130	18.2370	10.6883	20.6759	22.2529	15.7350	27.4628	12.5645	32.5467	8.8982	36.7455	4.8773	40.4720	0.4711
6p63jy	2022/12/07 17:55:03	bereave	iri	-19.1125	-28.9305	-14.9817	-16.1428	-12.5554	-3.4750	-10.2940	9.0680	-1.6313	17.6881	11.0141	20.2126	23.0638	15.4245	27.0740	11.4691	31.2937	7.4040	35.4162	3.0980	38.8668	-1.6109
6p63jy	2022/12/07 17:55:03	bereave	iri	-19.5737	-29.1553	-15.1673	-16.2529	-13.0830	-3.2792	-10.4612	9.4510	-1.4392	18.3641	11.2954	19.8597	23.4193	15.2603	27.4455	11.0737	31.9808	6.9521	36.5742	3.1469	40.8065	-1.2564
6p63jy	2022/12/07 17:55:03	bereave	iri	-20.1193	-29.2872	-16.0542	-16.1151	-14.0812	-3.6503	-10.9379	8.1449	-2.0807	16.5976	9.9833	19.7096	21.6522	14.4064	25.8544	10.5733	31.0183	7.1063	35.7611	3.9522	40.0582	1.3012
