h5s4x3	2022/12/07 12:51:29	bereave	iri	-19.7380	-31.1037	-21.9799	-18.3256	-17.8033	-7.9069	-7.9990	-0.9725	3.2967	3.0807	14.8748	7.0660	26.5493	5.4361	30.8199	2.1710	34.2011	-1.8032	36.9519	-5.9784	37.1669	-11.1250
h5s4x3	2022/12/07 12:51:29	bereave	iri	-20.5293	-31.1738	-22.9366	-18.7883	-19.2982	-7.9221	-9.5088	-1.0115	2.5535	2.6105	13.0379	7.2837	25.3604	7.2800	29.7747	4.0847	33.5383	-0.4097	36.0739	-4.3001	37.1162	-9.2624
h5s4x3	2022/12/07 12:51:29	bereave	iri	-21.3659	-30.0029	-23.5856	-17.7340	-18.3882	-7.1527	-7.9820	-1.2905	3.6958	2.5551	13.6643	8.4609	25.6759	8.1618	29.7807	4.8244	33.6129	0.4834	36.2143	-3.0642	37.2966	-7.7946
h5s4x3	2022/12/07 12:51:29	bereave	iri	-21.4472	-30.7311	-23.8445	-18.4051	-19.0273	-8.2558	-8.4051	-2.1499	3.4401	1.7992	12.9472	8.5133	25.3143	8.6860	29.9195	5.4664	33.9534	1.0040	36.6207	-3.0325	37.5844	-8.2643
h5s4x3	2022/12/07 12:51:29	bereave	iri	-21.3996	-31.3234	-23.9079	-18.6461	-17.9592	-8.3894	-6.8766	-2.7281	4.8597	1.7078	14.2182	8.8522	26.0796	9.3958	30.7128	6.0438	34.7618	1.4541	37.2405	-2.9884	38.1626	-7.9343
h5s4x3	2022/12/07 12:51:29	bereave	iri	-19.1826	-30.1075	-21.4487	-17.5319	-14.4721	-7.2909	-3.5819	-1.4228	7.5352	3.7532	16.8419	10.0666	28.9052	9.1215	33.1588	5.0896	36.8845	1.5436	39.6126	-2.8313	40.5938	-7.8595
h5s4x3	2022/12/07 12:51:29	bereave	iri	-16.4776	-29.9096	-17.1625	-16.5358	-11.1733	-6.6392	-0.9460	0.0784	9.9184	5.9429	20.2876	11.7817	32.1617	8.4356	35.5967	3.8405	39.6285	0.0990	42.9826	-4.1355	45.3849	-8.8007
h5s4x3	2022/12/07 12:51:29	bereave	iri	-15.1702	-29.6358	-13.9765	-16.8370	-9.7501	-6.2299	0.1186	1.2893	10.3752	7.3463	21.2708	12.6301	32.8013	8.8266	36.3570	4.0956	40.2691	-0.0289	43.8742	-4.2079	46.3149	-9.5417
h5s4x3	2022/12/07 12:51:29	bereave	iri	-14.6358	-30.2412	-12.8745	-17.4688	-9.2931	-6.6158	0.2557	1.5381	10.4405	7.7795	22.0346	12.5814	33.3095	7.5017	36.8242	2.9361	40.7310	-1.0393	44.6096	-5.2827	47.1679	-10.4267
h5s4x3	2022/12/07 12:51:29	bereave	iri	-14.6294	-30.5270	-13.0400	-17.4277	-9.6692	-6.6217	-0.2226	1.5125	9.6413	7.3224	20.9506	11.8644	32.6308	7.0848	36.0865	2.6342	39.8051	-1.5126	42.7823	-6.2000	44.6432	-11.5114
h5s4x3	2022/12/07 12:51:29	bereave	iri	-15.5137	-30.3202	-15.1311	-16.8888	-10.7328	-6.0239	-0.8507	1.4325	9.2394	7.4758	20.6405	11.4429	31.6539	6.5085	35.1835	1.8014	39.0245	-1.8989	42.5366	-5.8657	45.4532	-10.6938
h5s4x3	2022/12/07 12:53:07	believe	ili	-17.4259	-32.2455	-20.3421	-20.4171	-19.2491	-8.5872	-12.2166	0.6106	-0.8018	4.5951	11.1044	5.8915	22.2725	2.8480	28.4372	1.1423	34.7368	-0.0402	40.4900	-2.4089	44.6584	-6.9312
h5s4x3	2022/12/07 12:53:07	believe	ili	-17.9093	-31.6655	-21.6110	-19.6355	-20.3117	-7.0013	-12.2497	2.0860	-0.7927	5.7400	11.5010	5.9047	23.3786	2.8396	29.6500	1.5217	36.5638	0.8305	42.9362	0.6525	48.7728	-1.7621
h5s4x3	2022/12/07 12:53:07	believe	ili	-17.8689	-31.0675	-21.7744	-18.8470	-20.6327	-6.2684	-12.5199	2.8704	-0.1921	6.6809	12.3427	4.9984	24.5489	3.3540	31.0945	2.0889	38.1496	1.5762	44.7479	2.1655	50.8119	0.4743
h5s4x3	2022/12/07 12:53:07	believe	ili	-18.6965	-32.9952	-22.5030	-20.6664	-21.5224	-7.8069	-13.8986	2.6469	-1.6378	6.8400	11.4319	6.7446	24.4288	4.7915	30.4871	2.6777	37.8864	1.6409	44.8461	1.6536	50.7870	1.1449
h5s4x3	2022/12/07 12:53:07	believe	ili	-16.9572	-31.0846	-20.0300	-18.3009	-17.9759	-6.0671	-9.4894	3.3942	2.1391	7.6128	14.7573	8.8682	27.7124	6.5269	33.1873	3.4736	39.0368	1.0997	44.7193	-1.1500	49.8056	-4.3685
h5s4x3	2022/12/07 12:53:07	believe	ili	-14.6468	-29.4386	-14.5280	-16.5902	-11.9533	-4.9064	-2.6314	3.6748	8.6153	9.2311	20.8264	11.8825	32.6690	7.1907	35.8030	2.1329	39.6917	-1.9284	44.1398	-5.4653	47.5900	-9.9466
h5s4x3	2022/12/07 12:53:07	believe	ili	-14.4027	-29.7761	-13.0711	-17.1620	-10.0160	-5.6666	-0.1258	3.2644	10.0861	10.0644	21.8166	13.2730	33.0819	7.4137	35.6962	2.3795	39.2479	-2.2746	42.5301	-7.0798	44.7461	-12.9786
h5s4x3	2022/12/07 12:53:07	believe	ili	-12.9992	-29.7784	-12.1686	-16.9125	-8.5228	-5.0596	1.1200	3.9917	11.3480	9.8679	22.9634	13.3615	33.8484	6.9853	36.2137	1.7092	40.0154	-2.7024	44.4674	-6.5239	48.2148	-11.5544
h5s4x3	2022/12/07 12:53:07	believe	ili	-13.0674	-30.3198	-12.1440	-18.1797	-8.1440	-6.8509	0.7713	2.2788	10.6252	8.9653	22.0978	13.0796	33.3622	7.5948	36.2661	2.5296	40.1861	-1.9211	44.5203	-5.8742	48.0888	-10.4394
h5s4x3	2022/12/07 12:53:07	believe	ili	-14.6138	-31.2813	-12.0593	-18.7840	-8.5884	-7.7731	0.2656	1.7636	9.9116	8.1726	21.4842	12.3775	33.5233	7.1707	36.7588	2.0439	41.0110	-1.6920	45.4760	-5.6387	50.0422	-10.0891
h5s4x3	2022/12/07 12:53:07	believe	ili	-14.5414	-30.7667	-12.9570	-17.5329	-9.9845	-6.6030	-0.9637	2.2004	8.9887	8.2661	20.6190	12.1688	32.1411	7.0242	35.5331	1.9502	39.5876	-1.6943	43.8940	-5.3243	47.5481	-9.7160
h5s4x3	2022/12/07 12:56:14	bereave	iri	-18.2553	-28.8874	-21.1742	-17.0519	-16.0587	-6.5411	-6.0900	-0.2381	5.0937	4.1658	16.1910	8.7023	27.2706	5.8047	31.3088	2.2858	34.7529	-1.7165	37.4223	-5.9899	37.6420	-10.6937
h5s4x3	2022/12/07 12:56:14	bereave	iri	-19.2614	-28.8584	-22.7100	-17.2747	-17.7878	-6.8305	-7.7387	-0.6548	3.7595	3.5424	14.4871	9.3664	26.6172	7.1478	30.6073	3.6955	34.6376	-0.4952	37.3045	-3.9484	38.2833	-8.7472
h5s4x3	2022/12/07 12:56:14	bereave	iri	-19.8618	-29.8454	-23.2409	-17.6965	-18.4233	-7.1414	-7.7679	-1.1061	3.9084	3.3376	14.1266	10.0506	26.1758	7.9076	30.4387	4.5247	34.4445	0.1477	36.9231	-3.8073	37.8766	-8.8758
h5s4x3	2022/12/07 12:56:14	bereave	iri	-19.7680	-28.6536	-23.3044	-17.2932	-18.0647	-7.0907	-6.9929	-1.2101	4.7894	2.9485	14.2377	9.6545	25.9979	8.4767	30.3205	5.0721	34.2056	0.5452	36.5603	-3.7731	37.3199	-8.8422
h5s4x3	2022/12/07 12:56:14	bereave	iri	-20.2552	-31.4252	-23.9346	-18.6979	-18.7910	-8.1005	-7.3692	-2.3809	4.8041	2.5686	14.4511	9.9417	27.0958	8.4623	31.7956	4.7110	36.3701	0.5489	39.0074	-3.1993	39.9189	-8.2022
h5s4x3	2022/12/07 12:56:14	bereave	iri	-18.5656	-28.1809	-20.2828	-15.2990	-13.8184	-5.9747	-3.0425	-0.6262	7.6584	4.8748	17.0462	11.1000	29.1812	8.7512	33.0031	4.1612	36.8466	0.5772	39.7777	-3.4886	41.7260	-8.1957
h5s4x3	2022/12/07 12:56:14	bereave	iri	-16.9731	-28.0692	-18.1588	-15.2068	-11.8367	-5.7392	-1.8312	0.1755	9.0230	5.7793	18.8950	11.9035	30.6318	8.5887	34.4759	3.7596	38.1714	0.0422	41.0766	-4.4654	42.9915	-9.6632
h5s4x3	2022/12/07 12:56:14	bereave	iri	-15.6418	-29.1340	-15.0855	-16.3112	-10.5021	-5.6216	-0.4533	1.5405	9.8722	6.8439	20.1614	12.2686	31.5762	8.1395	35.1884	3.4729	39.2208	-0.6471	42.5233	-4.7223	44.8255	-9.9494
h5s4x3	2022/12/07 12:56:14	bereave	iri	-14.8318	-30.1461	-13.9250	-17.7896	-10.6896	-7.1721	-1.6021	1.2485	8.7811	6.7336	19.6927	12.1228	31.3427	7.7195	35.1406	3.1464	39.1793	-0.5390	42.3414	-4.8814	44.6350	-9.9927
h5s4x3	2022/12/07 12:56:14	bereave	iri	-15.2321	-30.6812	-14.8536	-18.0528	-11.5244	-7.2070	-1.9712	1.3818	8.6978	7.0266	19.8253	12.2259	31.4103	7.4254	35.2471	3.0927	39.1547	-0.8779	42.6830	-4.9266	45.4520	-9.8404
h5s4x3	2022/12/07 12:56:14	bereave	iri	-16.8449	-31.0428	-15.2520	-18.0552	-12.1911	-7.1639	-2.8208	1.2794	8.0932	6.8315	18.9071	11.6668	30.6475	7.2137	34.1438	2.6673	38.2490	-1.0403	41.0569	-5.9554	43.1994	-11.3170
h5s4x3	2022/12/07 12:57:28	believe	ili	-16.8909	-30.1951	-20.0500	-17.8952	-18.1355	-6.0657	-9.4393	2.5480	2.3235	6.1812	14.3849	6.9638	25.6260	3.5898	31.6257	1.4886	37.8746	0.3579	43.4682	-1.6790	48.3132	-5.4224
h5s4x3	2022/12/07 12:57:28	believe	ili	-16.3566	-30.2700	-20.0605	-18.1189	-18.8697	-6.1082	-11.2446	3.2646	0.2708	6.9082	12.6663	6.9001	24.3641	4.3579	30.3943	2.4133	37.4062	1.1937	44.1448	1.0967	50.1760	0.4139
h5s4x3	2022/12/07 12:57:28	believe	ili	-15.5369	-29.6356	-19.8001	-17.8922	-19.8038	-5.4519	-11.8548	3.9628	0.1250	7.6147	11.9889	7.1895	24.0437	5.1721	30.0391	3.3806	37.0736	2.4767	43.6491	2.6621	49.1656	0.5708
h5s4x3	2022/12/07 12:57:28	believe	ili	-15.4453	-29.6333	-20.4017	-17.5538	-20.6515	-4.5770	-11.7888	4.5459	0.4267	8.2532	12.4636	7.7762	25.1658	5.2676	31.3470	3.3257	38.6537	2.2201	45.2313	1.7333	51.1087	-0.1343
h5s4x3	2022/12/07 12:57:28	believe	ili	-15.6530	-29.4696	-19.9780	-17.0014	-18.5571	-3.6634	-9.9887	5.1719	1.2933	8.9499	13.9619	9.6417	26.6275	7.3698	31.7018	4.7405	37.7234	2.6531	43.6011	0.7437	48.4062	-2.0748
h5s4x3	2022/12/07 12:57:28	believe	ili	-14.2219	-28.7394	-15.1937	-15.8808	-14.2685	-4.2999	-6.2329	4.0154	4.7974	9.5053	17.1670	11.5857	30.4340	9.1368	34.4483	4.3973	39.1782	0.6678	44.3446	-2.1162	49.0621	-5.7734
h5s4x3	2022/12/07 12:57:28	believe	ili	-13.4563	-28.8335	-13.6591	-16.3903	-12.3498	-4.8937	-3.2137	4.1074	7.9833	9.3351	19.7245	13.1921	31.6803	8.6940	34.9088	3.4972	39.3019	-0.5934	43.6347	-3.9873	47.9153	-7.7296
h5s4x3	2022/12/07 12:57:28	believe	ili	-12.9957	-29.3561	-12.5974	-16.8796	-10.7773	-5.1795	-1.2625	3.6896	9.1658	9.1706	21.0017	13.5280	32.2099	7.9988	35.3241	2.4567	39.2126	-1.6155	43.7239	-4.8644	47.7425	-8.9645
h5s4x3	2022/12/07 12:57:28	believe	ili	-13.9430	-31.2832	-13.6547	-18.4640	-11.1659	-6.9853	-1.7554	1.8348	8.3682	8.3841	20.1452	13.1133	32.0027	8.1036	35.1936	2.8873	38.9143	-1.3485	43.3679	-4.8637	47.4841	-8.9102
h5s4x3	2022/12/07 12:57:28	believe	ili	-13.4844	-31.0095	-12.7405	-18.1744	-9.7573	-6.7855	-1.0546	2.0904	8.7608	8.1834	20.2556	12.8514	31.5411	7.8011	34.8883	2.5051	38.8139	-1.4182	43.3592	-4.6894	47.6171	-8.4742
h5s4x3	2022/12/07 12:57:28	believe	ili	-14.4562	-30.8709	-12.5903	-18.0199	-9.9470	-6.6562	-1.3114	2.2725	8.4515	7.9437	19.6631	12.2688	31.2068	7.3490	34.6497	2.2709	38.7934	-1.5178	43.3950	-4.6677	47.6745	-8.1622
h5s4x3	2022/12/07 13:00:30	bereave	iri	-18.4210	-30.3755	-21.2828	-17.6962	-17.1642	-6.4100	-7.2908	0.4097	4.2748	4.8634	16.1465	8.7166	27.7860	5.4270	31.9224	1.4085	35.9307	-2.1771	38.6388	-6.3027	39.7079	-11.5866
h5s4x3	2022/12/07 13:00:30	bereave	iri	-18.8386	-29.4882	-22.0206	-17.0200	-17.5264	-5.8684	-6.8728	0.2195	4.3938	4.0632	14.9423	8.8390	26.7777	6.9723	30.7697	3.6407	34.8141	-0.5458	37.2038	-4.2932	37.4449	-9.4497
h5s4x3	2022/12/07 13:00:30	bereave	iri	-19.7842	-30.8469	-23.0754	-18.5995	-18.6030	-7.4157	-8.1334	-0.8959	3.4597	3.5246	13.8358	9.1973	25.9332	8.3558	30.3174	4.9017	34.4299	0.5281	36.9396	-3.5639	37.1554	-9.1036
h5s4x3	2022/12/07 13:00:30	bereave	iri	-19.6083	-29.7676	-22.9872	-17.5216	-17.5802	-7.1109	-7.0236	-0.9235	4.6775	3.5446	15.0954	10.0428	26.8827	8.4961	31.3257	4.5031	35.7653	0.1512	38.5174	-3.4419	39.7445	-8.3954
h5s4x3	2022/12/07 13:00:30	bereave	iri	-19.6370	-29.8904	-22.9287	-17.6803	-17.1001	-7.2826	-6.3037	-1.1693	5.8829	3.5363	15.7501	10.3242	27.6830	8.6734	32.0539	4.7227	36.3294	0.5836	39.0381	-3.0868	40.4207	-7.7789
h5s4x3	2022/12/07 13:00:30	bereave	iri	-16.6719	-28.7931	-19.1916	-15.9259	-13.4372	-5.8391	-3.0656	0.4331	8.0329	5.5989	17.8163	11.4701	29.9381	9.2157	33.8176	4.4134	37.5457	0.6112	40.5836	-3.0509	42.7417	-7.6000
h5s4x3	2022/12/07 13:00:30	bereave	iri	-15.6211	-29.1605	-15.4927	-16.3300	-10.5095	-5.6148	-0.8107	1.9936	9.7294	7.3921	20.2927	12.2020	31.9029	8.7906	35.4641	3.9363	39.1111	-0.1065	41.5770	-4.6391	42.9953	-10.2067
h5s4x3	2022/12/07 13:00:30	bereave	iri	-14.3816	-29.1022	-14.0048	-16.9527	-11.0304	-6.1336	-1.6445	2.0611	8.8706	7.6735	20.2053	12.5496	31.9299	7.9889	35.1756	3.4731	39.0453	-0.5114	42.4155	-4.5229	44.9383	-9.7822
h5s4x3	2022/12/07 13:00:30	bereave	iri	-14.9041	-29.0846	-13.5953	-16.7743	-10.6109	-6.3453	-1.4065	1.9842	8.5426	8.2044	20.1677	12.6139	31.6765	7.9284	35.1077	3.7465	39.0537	0.1474	42.0126	-4.2936	43.8317	-10.0469
h5s4x3	2022/12/07 13:00:30	bereave	iri	-14.3280	-29.7134	-13.7195	-16.9381	-10.5310	-6.1200	-1.1631	2.1525	8.7750	8.3249	20.4053	12.3243	31.5705	7.4600	35.1055	3.0811	39.2169	-0.5683	42.5742	-4.6193	45.1424	-9.6700
h5s4x3	2022/12/07 13:00:30	bereave	iri	-15.5090	-30.5248	-14.6173	-18.0884	-11.4626	-6.8847	-2.2144	1.6153	8.4065	7.4835	19.6410	11.8374	30.6763	7.1476	34.7473	3.0499	38.5226	-1.0064	41.1724	-5.5221	42.3864	-10.9453
h5s4x3	2022/12/07 13:01:45	believe	ili	-19.4511	-31.6885	-22.2018	-19.4766	-19.8068	-7.7365	-11.4518	0.6795	-0.2065	4.6439	11.7078	5.6961	23.6855	3.5829	29.5414	1.9417	36.2958	0.3766	41.8088	-1.6587	46.5238	-5.6598
h5s4x3	2022/12/07 13:01:45	believe	ili	-18.8078	-31.4624	-21.6637	-19.2033	-20.1629	-6.7672	-12.3934	2.6326	-0.7640	6.2409	11.4555	5.6204	23.5314	3.8724	29.5867	2.8182	36.7705	1.9256	43.1239	0.4059	48.6573	-3.3445
h5s4x3	2022/12/07 13:01:45	believe	ili	-18.6818	-32.0066	-22.1498	-19.8801	-21.7351	-7.1188	-14.3050	2.6451	-1.9479	6.4480	10.0153	6.0471	22.7563	4.4303	29.1933	3.3267	36.8013	2.7547	43.9458	2.1508	50.2566	0.0027
h5s4x3	2022/12/07 13:01:45	believe	ili	-17.0115	-32.1247	-21.2469	-19.8688	-21.8276	-7.0993	-13.9902	3.4349	-1.1465	7.3004	12.1730	7.0468	24.9722	5.1808	30.9324	3.2473	37.8317	2.4302	44.4704	2.0739	50.7020	0.3172
h5s4x3	2022/12/07 13:01:45	believe	ili	-17.4463	-32.9111	-20.8128	-20.2686	-20.3883	-7.6395	-12.5891	2.6543	-0.8788	7.7794	12.4672	9.2985	25.8851	7.0805	31.2770	4.4236	37.7080	2.1990	43.5453	-0.0926	48.9628	-3.6192
h5s4x3	2022/12/07 13:01:45	believe	ili	-15.4382	-31.4731	-14.9469	-17.6980	-13.5788	-5.3002	-4.6473	4.4587	6.4947	9.9915	18.8633	12.3332	31.1583	8.6429	34.8424	3.8559	38.8615	-0.2012	43.0715	-4.1288	47.1742	-8.3314
h5s4x3	2022/12/07 13:01:45	believe	ili	-12.8100	-30.7914	-11.7956	-17.5532	-10.2245	-5.5609	-1.3094	3.8856	8.7423	10.1256	20.4471	13.6381	31.9693	8.4553	34.9865	3.1761	38.8201	-1.0958	43.2289	-4.7942	47.2821	-9.1395
h5s4x3	2022/12/07 13:01:45	believe	ili	-13.8901	-31.5902	-11.6947	-18.9953	-9.4895	-6.5451	-0.9903	2.9462	8.5123	9.9855	20.5994	14.1102	32.4457	8.3481	35.4988	3.0322	39.3375	-1.4859	43.9076	-5.4069	47.9531	-10.1336
h5s4x3	2022/12/07 13:01:45	believe	ili	-14.3070	-31.6143	-12.0233	-19.2343	-9.9205	-6.8810	-1.2088	2.6677	8.8293	9.3665	20.4076	13.7232	31.8902	8.5654	35.2381	3.1556	39.3196	-1.2777	43.9690	-5.1125	47.9513	-9.6650
h5s4x3	2022/12/07 13:01:45	believe	ili	-14.1321	-31.3850	-11.9433	-19.0148	-9.9910	-6.8868	-1.4545	2.2698	8.3675	9.0924	20.3508	13.6033	31.6120	7.9117	35.1716	2.7721	39.3220	-1.3981	43.9665	-5.0809	48.0505	-9.4839
h5s4x3	2022/12/07 13:01:45	believe	ili	-14.9543	-31.4018	-13.7242	-18.0366	-10.8821	-6.4896	-2.0442	2.0641	8.1120	8.1945	19.6596	12.4093	31.1344	7.1036	34.4877	2.1699	38.6184	-1.8006	43.0526	-5.6354	46.9525	-10.1276
h5s4x3	2022/12/07 13:04:43	bereave	iri	-18.6349	-28.8894	-21.2785	-16.7506	-16.1947	-5.8297	-6.3082	0.7465	5.3393	5.2057	16.4225	8.9022	28.4216	6.1385	32.4596	2.1503	36.0090	-2.4924	38.2873	-7.1448	38.8948	-12.9495
h5s4x3	2022/12/07 13:04:43	bereave	iri	-19.6734	-30.4632	-22.4316	-17.5600	-17.5705	-6.1639	-7.4620	0.5810	4.0854	4.9582	15.1772	10.0125	27.5027	7.6461	31.5666	3.7766	35.5750	-0.6467	37.9461	-4.6610	39.1099	-9.9183
h5s4x3	2022/12/07 13:04:43	bereave	iri	-19.7282	-29.0076	-21.9033	-16.5026	-16.8931	-6.2122	-6.7467	0.2234	4.2614	5.0572	14.5444	10.4703	26.7141	8.7819	30.9393	5.0944	35.2590	1.0219	38.2594	-2.5185	39.7304	-7.3905
h5s4x3	2022/12/07 13:04:43	bereave	iri	-19.0396	-27.7859	-20.8720	-15.9011	-14.8367	-5.9997	-5.0931	0.1028	6.0922	4.7186	15.8175	11.2561	27.8030	9.1941	31.9861	5.1794	36.3621	1.3122	39.2417	-2.4306	40.8321	-7.2698
h5s4x3	2022/12/07 13:04:43	bereave	iri	-18.5982	-27.5817	-20.4318	-15.4818	-13.9293	-6.0089	-3.8773	-0.1465	7.0180	4.6565	16.8635	11.5677	28.8078	9.4068	32.9001	5.0323	36.9294	1.5776	40.4370	-2.0958	42.6843	-6.5710
h5s4x3	2022/12/07 13:04:43	bereave	iri	-17.4498	-28.1966	-18.2932	-14.9212	-11.3866	-5.2630	-1.3641	1.1967	9.6340	6.8384	19.9660	12.3049	31.5792	8.7199	35.1622	4.0355	39.3092	0.2866	42.4697	-3.5342	45.3365	-7.8750
h5s4x3	2022/12/07 13:04:43	bereave	iri	-15.6581	-28.6759	-15.9348	-15.8912	-10.4900	-5.4975	-0.8020	1.8293	9.8503	7.4524	19.7358	13.0247	31.9587	9.9922	35.4777	5.2446	39.4095	1.1401	42.5855	-2.9963	45.2786	-7.9320
h5s4x3	2022/12/07 13:04:43	bereave	iri	-14.7552	-29.7521	-14.4243	-16.6734	-10.3523	-5.3444	-0.7564	2.2477	10.0111	7.6639	20.7563	13.2183	32.1844	9.1071	35.7781	4.3367	40.1402	0.1381	43.6656	-3.8590	46.5512	-8.7071
h5s4x3	2022/12/07 13:04:43	bereave	iri	-14.5861	-29.4823	-14.3687	-16.8524	-10.5946	-5.9985	-1.3257	2.0185	9.1251	7.5629	20.1516	12.8801	31.4730	9.1626	35.3773	4.5290	39.8856	0.6433	43.4398	-3.3344	46.3068	-8.3189
h5s4x3	2022/12/07 13:04:43	bereave	iri	-15.6625	-31.2631	-15.1613	-18.3392	-11.7616	-7.2294	-2.8877	1.1671	8.1040	6.8727	19.4874	12.1718	31.3783	8.5161	35.1245	4.1316	39.1533	0.3964	42.2567	-3.7250	44.6495	-8.4440
h5s4x3	2022/12/07 13:04:43	bereave	iri	-17.5851	-30.8045	-17.6036	-17.6585	-12.8513	-6.6745	-2.7883	0.6337	7.7056	6.1795	18.5626	11.3273	30.3725	7.7221	33.9390	3.1829	38.0386	-0.2423	41.2996	-4.0206	45.0016	-8.1123
h5s4x3	2022/12/07 13:05:58	believe	ili	-16.7845	-31.0344	-20.2225	-18.3921	-18.5461	-6.4227	-10.3584	2.1946	1.6001	5.9557	13.6661	6.2526	25.4398	3.5414	31.4469	1.6064	37.1639	-0.5941	42.2139	-3.6217	46.8293	-7.6433
h5s4x3	2022/12/07 13:05:58	believe	ili	-16.9697	-30.4596	-20.2518	-17.9504	-18.8731	-5.7989	-10.5632	3.1799	0.8917	7.2415	12.9535	7.2434	24.7766	4.8557	30.8965	3.5732	37.6728	2.4380	43.5626	0.3893	48.6752	-3.5571
h5s4x3	2022/12/07 13:05:58	believe	ili	-15.9954	-29.9763	-20.6753	-17.8831	-19.4899	-5.8012	-11.4999	3.7600	0.5619	8.0868	12.3557	7.6308	24.5542	5.5316	30.8196	3.9131	37.9653	2.5653	44.6164	1.5295	50.7168	-0.5531
h5s4x3	2022/12/07 13:05:58	believe	ili	-15.0476	-29.5993	-19.8750	-17.7450	-19.0549	-5.4145	-11.0389	3.9194	0.6410	8.8562	13.0391	8.6191	25.8033	6.6089	31.9010	5.0220	38.9164	3.8629	45.4008	2.6789	51.3457	-0.0356
h5s4x3	2022/12/07 13:05:58	believe	ili	-14.1527	-30.0235	-16.9806	-17.6200	-15.8184	-5.7071	-8.5346	3.8588	2.4023	9.6237	14.9993	10.3856	28.3002	8.0152	33.2734	5.2841	39.3276	2.7161	45.0641	0.5365	50.0840	-3.2878
h5s4x3	2022/12/07 13:05:58	believe	ili	-12.9733	-29.4160	-12.5345	-17.2532	-11.5262	-6.1025	-3.5297	3.9263	6.7091	10.7661	19.2967	12.7494	31.7456	8.5981	34.9600	3.5251	39.3824	-0.6274	43.9427	-4.1420	48.2596	-7.9851
h5s4x3	2022/12/07 13:05:58	believe	ili	-11.1476	-28.6375	-10.1690	-16.2499	-8.7462	-4.7275	0.4617	4.1487	8.7139	10.9226	20.2300	14.9880	32.2572	9.9066	35.3270	4.4844	38.5926	-0.2201	42.1954	-4.6202	45.1183	-9.9007
h5s4x3	2022/12/07 13:05:58	believe	ili	-10.9181	-29.4794	-7.7738	-17.9556	-7.4586	-5.7603	1.3436	3.6193	10.4375	11.0923	21.8463	15.1082	33.0920	9.5617	36.0544	4.1037	40.0743	-0.4718	44.5349	-4.1473	48.6938	-8.7596
h5s4x3	2022/12/07 13:05:58	believe	ili	-11.2058	-28.5436	-9.9570	-16.3580	-7.7233	-4.9199	1.0658	3.6920	10.0038	10.5289	21.2189	15.1668	32.7792	9.6622	35.7829	4.3129	39.8337	-0.1635	44.2604	-4.0188	47.6255	-8.9787
h5s4x3	2022/12/07 13:05:58	believe	ili	-12.2272	-28.9949	-10.4177	-17.3193	-7.7648	-5.8826	0.6782	3.4096	9.4695	10.3240	20.9290	14.7455	32.0570	9.1423	35.3590	3.9727	39.5770	-0.5423	44.2227	-4.5197	47.7440	-9.2398
h5s4x3	2022/12/07 13:05:58	believe	ili	-13.7034	-28.9602	-12.9382	-16.8797	-10.1162	-5.9808	-1.1776	2.6574	8.6832	8.8857	20.3918	13.7867	31.6864	8.2264	34.7745	3.0519	38.9722	-0.8248	43.2883	-4.6803	46.7641	-9.3749
h5s4x3	2022/12/07 13:09:30	bereave	iri	-17.9320	-28.8307	-20.1475	-16.5878	-16.2201	-5.3259	-6.3530	1.2542	3.9895	5.6225	15.1979	9.1734	26.9299	6.3369	31.2084	2.7979	35.0519	-0.6345	37.9731	-4.5876	39.6274	-9.2515
h5s4x3	2022/12/07 13:09:30	bereave	iri	-18.1590	-28.0999	-20.7741	-16.0657	-17.0548	-5.3303	-7.5212	1.3537	3.3774	5.6153	14.1132	9.8182	26.1668	7.9688	30.4618	4.2529	34.8422	0.1792	37.5915	-3.0592	39.0249	-7.6876
h5s4x3	2022/12/07 13:09:30	bereave	iri	-17.6127	-27.4509	-20.4664	-15.6594	-16.0834	-5.2040	-6.3580	0.9851	4.2127	5.4115	14.5371	10.7336	26.3538	9.1241	30.7027	5.4032	34.7752	0.8908	37.2635	-3.3423	38.3595	-8.3666
h5s4x3	2022/12/07 13:09:30	bereave	iri	-18.6533	-28.3976	-21.7138	-16.4508	-16.9582	-5.7949	-6.5358	0.0265	4.0704	4.3479	13.5299	10.7616	25.9993	10.3490	30.8114	6.2293	35.7224	2.0849	39.3253	-1.5498	42.3029	-5.9863
h5s4x3	2022/12/07 13:09:30	bereave	iri	-18.4947	-26.9967	-20.5795	-14.4187	-14.4888	-4.9820	-4.4727	0.3346	6.7533	4.4764	15.8362	11.3986	27.6935	9.8438	32.0447	5.8327	36.4800	1.9683	39.9853	-1.6312	42.3279	-6.2309
h5s4x3	2022/12/07 13:09:30	bereave	iri	-15.8930	-26.2946	-17.7605	-13.3287	-12.2710	-4.6168	-1.8857	1.2136	8.8372	6.1794	18.1498	11.9942	30.2719	9.6978	34.1946	5.1399	37.9019	1.2719	40.8092	-2.8482	42.6243	-7.6836
h5s4x3	2022/12/07 13:09:30	bereave	iri	-15.8124	-27.6190	-16.8100	-14.8168	-11.0195	-5.2654	-1.3539	1.6709	9.0562	7.3071	19.3537	12.7778	31.3109	9.1084	35.0697	4.3977	39.2871	0.4936	42.5691	-3.6367	45.4515	-8.1981
h5s4x3	2022/12/07 13:09:30	bereave	iri	-15.5056	-29.3071	-15.5537	-16.5332	-10.6646	-5.1261	-1.1526	2.6712	8.9131	7.8515	19.9183	13.0570	31.2857	8.8763	35.0770	4.0936	39.0751	0.4035	42.5615	-3.2994	45.8825	-7.7407
h5s4x3	2022/12/07 13:09:30	bereave	iri	-14.7299	-28.4712	-15.3888	-16.0245	-11.4451	-5.2713	-1.5624	2.4040	8.6287	8.4756	19.7692	13.3962	31.2110	8.8030	34.7917	4.1993	39.0432	0.6233	42.6555	-3.2259	45.9488	-7.8266
h5s4x3	2022/12/07 13:09:30	bereave	iri	-15.6543	-30.8560	-17.1841	-17.3652	-12.6147	-6.4619	-3.1923	1.4626	7.5781	7.2350	18.7079	12.3823	30.5015	8.4773	34.0595	3.8679	38.4243	0.3333	42.2999	-3.3795	45.8629	-7.8052
h5s4x3	2022/12/07 13:09:30	bereave	iri	-15.2512	-29.4638	-16.5129	-16.4852	-12.1039	-5.6654	-2.7230	1.3358	7.9350	6.7841	18.4038	11.7679	29.9607	7.7348	33.6323	3.3561	38.0439	0.1051	42.0117	-3.4911	45.9838	-7.9026
h5s4x3	2022/12/07 13:10:46	believe	ili	-18.1967	-31.4438	-20.8497	-19.1932	-18.7757	-7.7487	-11.6871	1.2331	-0.4832	6.1648	11.4655	7.2475	22.9839	4.5905	28.9375	2.6474	35.0119	0.1989	40.8174	-2.5920	45.7983	-6.5772
h5s4x3	2022/12/07 13:10:46	believe	ili	-16.5787	-31.7931	-20.1251	-19.4384	-19.9065	-6.9674	-12.8518	2.8604	-0.8948	7.7470	11.9032	7.5917	23.8494	4.5397	29.8763	3.3566	36.9331	2.4827	43.0721	1.2437	48.3750	-2.3842
h5s4x3	2022/12/07 13:10:46	believe	ili	-15.8232	-30.3324	-20.1163	-18.3053	-21.3349	-5.7488	-13.1344	4.1319	-0.6672	9.4545	12.4203	8.4013	24.9385	5.5517	31.2437	3.8550	37.9255	2.8038	44.2859	2.0720	50.1668	0.2320
h5s4x3	2022/12/07 13:10:46	believe	ili	-16.4758	-29.9352	-20.6783	-17.7101	-20.1101	-5.2414	-11.9495	4.7419	-0.0823	9.9108	12.8231	9.8512	25.8321	6.9197	31.4951	4.8665	38.2427	3.2821	44.3891	1.6005	49.4693	-1.9677
h5s4x3	2022/12/07 13:10:46	believe	ili	-13.5334	-29.2847	-15.9230	-17.1830	-15.9267	-5.2482	-7.9200	4.8801	3.0181	10.6020	16.0007	12.0426	29.1742	9.5114	34.0351	5.9692	39.5117	2.8575	44.8884	0.1279	49.7663	-4.0643
h5s4x3	2022/12/07 13:10:46	believe	ili	-12.2710	-28.6345	-13.2684	-16.8357	-12.7154	-5.4621	-4.2846	3.4867	5.6687	10.5597	18.0972	13.8127	30.9676	9.5781	34.5924	4.4148	38.8728	0.5585	43.5151	-3.0485	47.8699	-6.8502
h5s4x3	2022/12/07 13:10:46	believe	ili	-12.2696	-29.3007	-12.1953	-17.4939	-10.9158	-5.9954	-2.0717	3.6531	7.7855	10.5048	19.5812	14.7760	31.4497	10.2012	35.0165	4.9882	38.9289	0.7998	43.1329	-2.9566	47.5140	-6.8022
h5s4x3	2022/12/07 13:10:46	believe	ili	-12.6150	-29.2891	-11.9052	-17.7157	-10.2841	-6.3460	-1.5462	3.4575	8.4527	9.7569	19.8891	14.3654	31.3824	8.8258	34.5314	3.6403	38.6098	-0.1564	42.6532	-3.9113	46.7181	-8.1154
h5s4x3	2022/12/07 13:10:46	believe	ili	-12.5345	-29.5264	-12.0894	-17.7724	-9.9637	-6.5472	-1.5005	2.8032	8.2572	9.5370	19.5597	14.6591	30.8829	9.2846	34.2793	4.0916	38.6576	0.3543	43.0838	-3.2730	47.4119	-7.4898
h5s4x3	2022/12/07 13:10:46	believe	ili	-13.0262	-29.9795	-12.1774	-17.6802	-10.2520	-6.1157	-1.4181	3.4129	8.2863	9.2724	19.7454	14.2394	31.2701	8.8984	34.6188	3.8092	38.8776	0.0534	43.1210	-3.6444	47.2299	-7.8497
h5s4x3	2022/12/07 13:10:46	believe	ili	-12.7245	-29.3758	-12.4972	-16.8612	-10.1196	-5.6017	-1.1397	3.2507	8.3358	9.1960	19.5731	13.7110	31.0151	8.8383	34.5603	3.9670	38.6497	0.3081	42.2721	-3.4193	45.7431	-7.7877
