jcy8xi	2022/11/30 9:30:59	bereave	iri	-29.5811	-33.1845	-34.0626	-21.5150	-27.4602	-9.1674	-16.9524	-1.6547	-9.0953	9.1822	0.4509	17.7985	13.4325	13.9275	18.2860	9.8060	23.0942	6.7421	28.0575	3.7346	32.3185	0.1605
jcy8xi	2022/11/30 9:30:59	bereave	iri	-30.7967	-33.3814	-34.1075	-21.9163	-27.6910	-9.5543	-16.7619	-1.9157	-10.1542	9.9627	-1.2533	19.1728	12.3146	14.7964	17.3410	10.8304	21.7673	7.8883	25.4446	3.7715	27.5002	-1.3521
jcy8xi	2022/11/30 9:30:59	bereave	iri	-32.7711	-32.9114	-34.9569	-20.5156	-25.6644	-8.8598	-15.1372	1.0956	-10.7912	13.3596	0.4097	21.9811	12.5272	15.6721	17.1517	12.0605	21.2082	8.7962	24.4953	4.6392	26.0309	-0.3690
jcy8xi	2022/11/30 9:30:59	bereave	iri	-32.7292	-31.5712	-34.4501	-19.2805	-25.5373	-8.9021	-14.5019	1.2225	-10.6506	13.3560	0.2679	22.8751	12.0955	16.6565	16.6134	12.8711	20.6601	9.3935	24.0906	5.4488	25.9751	0.4971
jcy8xi	2022/11/30 9:30:59	bereave	iri	-30.9731	-32.4079	-32.5500	-20.1867	-23.8858	-7.9698	-15.3264	3.0533	-10.8550	15.3571	1.3278	23.9067	13.1109	16.8370	17.2813	12.7729	21.8819	9.6824	25.8493	6.1348	28.6887	1.8154
jcy8xi	2022/11/30 9:30:59	bereave	iri	-27.5466	-31.5031	-28.4960	-17.9981	-19.9724	-5.2029	-15.3743	6.9427	-10.0246	19.1287	3.4283	24.9513	14.6932	17.4671	19.1751	12.9534	23.6492	9.6872	28.4373	6.3393	32.9678	2.5751
jcy8xi	2022/11/30 9:30:59	bereave	iri	-26.0476	-31.7236	-24.5960	-17.6630	-18.3250	-4.8499	-15.3450	9.3300	-7.9534	21.5725	5.6723	26.5933	16.6028	18.4643	20.1534	13.2538	24.9028	9.6299	30.3892	6.8673	35.7874	4.1969
jcy8xi	2022/11/30 9:30:59	bereave	iri	-23.8742	-31.4892	-21.3341	-18.0322	-18.5609	-3.7693	-15.0901	10.5450	-6.9727	21.9329	6.2892	26.5406	17.3926	18.0935	20.9364	12.8727	26.0706	9.3420	31.7709	6.9849	37.1518	4.5864
jcy8xi	2022/11/30 9:30:59	bereave	iri	-23.9737	-33.2070	-21.9806	-19.3385	-19.5406	-5.3407	-16.1529	8.7043	-8.5411	21.4941	5.7407	26.7323	16.3113	18.1847	19.9570	12.9341	25.2285	9.5515	30.9870	7.1721	36.5954	5.1147
jcy8xi	2022/11/30 9:30:59	bereave	iri	-24.9300	-32.8093	-24.1464	-18.8444	-20.2967	-5.0204	-16.4206	8.7474	-8.6081	20.6613	4.6978	24.7592	16.1329	17.5700	19.5514	12.3609	24.5089	8.8179	30.2601	6.3849	36.2602	4.0646
jcy8xi	2022/11/30 9:30:59	bereave	iri	-26.4845	-33.8828	-26.8694	-20.2357	-23.0202	-6.1483	-17.5934	6.5938	-9.5735	18.2498	3.9632	23.1115	15.6401	16.5575	19.7353	11.5441	25.1186	8.1109	30.5904	5.7362	36.0414	2.9159
jcy8xi	2022/11/30 9:32:12	believe	ili	-25.5992	-34.2643	-28.3767	-21.9321	-27.7654	-9.0470	-20.9303	1.9637	-12.2857	11.0281	-0.0464	16.4463	12.6731	13.2590	17.8357	9.5755	24.0265	7.5231	30.1165	6.0703	36.2302	4.6242
jcy8xi	2022/11/30 9:32:12	believe	ili	-26.2921	-34.3751	-27.9819	-21.4578	-27.3846	-7.6895	-21.6051	4.7318	-11.6920	14.4766	1.0721	18.3416	13.6730	14.6401	18.7316	11.1049	24.8856	8.7842	31.0877	7.4598	36.8910	6.1251
jcy8xi	2022/11/30 9:32:12	believe	ili	-24.5518	-34.4813	-26.9405	-22.4948	-28.3741	-8.7669	-25.0794	5.0577	-15.1829	14.2463	-1.9608	18.9262	10.5110	14.8210	16.7439	11.7210	23.4938	10.2899	30.0142	9.8700	36.0239	9.3591
jcy8xi	2022/11/30 9:32:12	believe	ili	-26.7672	-33.9643	-27.7278	-21.0357	-29.9204	-7.6713	-25.4981	6.1183	-14.3764	14.8907	-1.1044	18.6317	12.4825	15.3398	17.9270	12.3055	24.6583	10.9464	31.0883	10.4248	37.2092	9.9850
jcy8xi	2022/11/30 9:32:12	believe	ili	-23.8796	-33.1901	-22.8121	-20.3236	-25.7115	-6.3642	-22.2427	7.7242	-12.3234	17.2596	1.6310	22.4878	13.8939	16.9390	18.6206	12.7451	24.6654	10.3049	30.7273	8.3155	36.7159	6.1422
jcy8xi	2022/11/30 9:32:12	believe	ili	-23.3346	-31.2988	-19.9349	-18.5762	-22.6108	-5.1041	-18.1439	9.7779	-8.9103	21.0335	4.7013	25.3599	16.0743	18.0423	19.6518	12.2316	24.9689	8.4270	31.0279	6.2696	37.0117	3.7090
jcy8xi	2022/11/30 9:32:12	believe	ili	-21.1643	-31.8385	-19.3576	-17.7878	-20.3908	-4.0055	-16.6941	9.9837	-8.4118	21.5344	5.1019	27.1831	16.8619	18.7604	20.0912	12.6498	25.1885	8.5281	31.5472	6.1633	37.8847	3.5515
jcy8xi	2022/11/30 9:32:12	believe	ili	-21.9781	-32.4213	-19.3714	-18.5386	-18.9660	-5.5408	-15.9051	8.6297	-8.4350	21.5171	5.4883	27.5783	17.1978	19.1004	20.5636	13.1752	25.9338	9.5254	32.1313	7.3208	38.3204	4.8892
jcy8xi	2022/11/30 9:32:12	believe	ili	-23.0325	-33.2358	-19.8378	-19.9576	-19.1283	-6.2675	-17.0050	7.7088	-8.8933	20.6174	4.8672	26.1378	16.7595	18.3379	20.3399	12.7716	25.9418	9.2005	32.4958	7.1539	38.4120	4.8574
jcy8xi	2022/11/30 9:32:12	believe	ili	-22.9411	-33.1109	-22.6344	-19.1492	-20.8949	-5.4880	-16.7564	9.0711	-8.4165	20.6531	5.4981	24.9593	16.3357	16.9402	20.1659	11.8188	25.8520	8.6895	31.9587	6.7947	37.7267	4.3836
jcy8xi	2022/11/30 9:32:12	believe	ili	-23.8360	-32.7171	-23.4562	-17.9815	-21.7256	-4.4405	-17.3864	8.2916	-9.2523	19.3204	3.8839	23.9720	15.8124	17.1984	19.8034	12.4111	25.4085	9.0926	31.4949	6.7903	37.6123	3.7611
jcy8xi	2022/11/30 9:35:10	bereave	iri	-29.1603	-34.3479	-34.4520	-22.3984	-29.2417	-10.2240	-18.2634	-1.9735	-9.4271	8.1838	0.8050	16.4856	14.0301	12.1050	18.7433	8.1523	24.0876	5.2209	29.5873	3.1392	34.9046	0.9881
jcy8xi	2022/11/30 9:35:10	bereave	iri	-29.6458	-34.2327	-34.5668	-22.4724	-28.9323	-9.7736	-18.3517	-1.3409	-9.8480	9.4454	0.7145	17.7678	13.0954	13.5001	17.7089	9.5030	22.7708	6.9190	27.5129	4.1751	31.6305	1.0199
jcy8xi	2022/11/30 9:35:10	bereave	iri	-30.1775	-34.4537	-35.1848	-22.4662	-29.1138	-9.5732	-18.3299	-0.7089	-10.8184	10.7205	-0.6892	20.0768	11.6621	14.8174	16.4582	10.9244	21.2510	7.8211	25.2037	4.3945	27.6054	-0.4417
jcy8xi	2022/11/30 9:35:10	bereave	iri	-29.8166	-33.7563	-34.0165	-22.0981	-27.1454	-8.6574	-16.8799	1.1061	-11.6214	13.1667	-0.8099	22.0391	10.3764	15.5516	14.9941	11.6949	19.7940	8.3158	23.8918	5.4034	26.2342	0.6447
jcy8xi	2022/11/30 9:35:10	bereave	iri	-30.1705	-33.2167	-33.0212	-21.5757	-25.4087	-8.6314	-15.0681	1.5425	-11.8429	14.1189	-1.8830	23.7496	11.2566	17.4589	16.2982	13.6272	20.5899	9.9653	24.1221	5.5792	26.4192	0.5364
jcy8xi	2022/11/30 9:35:10	bereave	iri	-27.9604	-34.0253	-30.4892	-20.8528	-23.8810	-7.2491	-16.4861	5.0460	-11.5104	17.5740	0.6967	24.5452	12.9708	18.5041	17.3024	14.5020	21.9027	11.2051	25.6217	6.8502	28.1402	1.4544
jcy8xi	2022/11/30 9:35:10	bereave	iri	-26.9179	-32.4393	-26.7321	-19.1646	-21.5892	-6.3835	-16.2791	5.4961	-10.8383	18.0035	1.9211	24.7335	14.5240	18.3728	18.5297	13.7286	23.0508	10.0111	27.1389	6.0959	30.4755	1.8297
jcy8xi	2022/11/30 9:35:10	bereave	iri	-24.7473	-31.4475	-23.3357	-17.2209	-20.6674	-3.7571	-17.6091	9.5553	-10.1760	21.1968	3.1231	26.3839	14.8588	18.7283	18.8660	13.6937	23.7237	10.1132	29.1090	7.3086	34.1979	4.2019
jcy8xi	2022/11/30 9:35:10	bereave	iri	-22.4993	-32.7925	-22.1051	-18.9482	-21.0854	-5.8121	-18.6053	9.3568	-10.6059	20.7615	3.3365	26.8410	13.6644	18.2149	17.6514	12.9979	22.6983	9.6718	28.4893	7.3135	34.3499	4.9823
jcy8xi	2022/11/30 9:35:10	bereave	iri	-23.9119	-32.8993	-23.2551	-18.9030	-21.6477	-5.7978	-18.6459	8.0981	-10.8431	19.3265	2.5773	25.8075	13.4588	17.4225	17.7646	12.6568	23.1387	9.6177	28.9397	7.2370	34.7454	4.9016
jcy8xi	2022/11/30 9:35:10	bereave	iri	-24.7148	-32.8630	-24.1988	-18.3312	-22.5960	-5.6369	-19.4291	7.4793	-10.3473	18.1419	2.4059	24.1446	14.4325	18.2262	18.2778	12.8491	23.1697	9.0696	28.8959	6.3904	35.0550	4.3913
jcy8xi	2022/11/30 9:36:25	believe	ili	-27.1647	-34.3969	-30.7597	-22.2280	-29.3490	-8.9323	-22.1436	2.6253	-12.4804	11.7751	0.3303	17.9967	13.6598	14.4970	18.7177	10.7124	24.5211	8.0011	30.6010	6.2806	36.5306	3.9404
jcy8xi	2022/11/30 9:36:25	believe	ili	-25.6966	-33.5792	-28.7746	-20.9319	-29.3045	-7.5136	-24.1702	5.3482	-13.6392	13.6131	-0.5906	18.3080	12.6302	14.1799	18.5222	11.3047	24.8252	9.3773	30.9987	7.6180	36.6983	5.4729
jcy8xi	2022/11/30 9:36:25	believe	ili	-24.3481	-33.9313	-26.9422	-21.4565	-30.2671	-8.2409	-26.5821	5.9428	-15.3628	14.6585	-1.6659	18.0261	12.2282	14.2877	18.3375	11.7049	25.1872	10.6508	31.5473	10.3422	37.7957	9.7596
jcy8xi	2022/11/30 9:36:25	believe	ili	-25.4373	-34.2193	-26.7850	-21.9899	-29.5784	-8.2144	-26.3450	6.3611	-15.3915	15.4507	-1.5096	19.5589	12.7977	15.7037	18.7523	13.0251	25.6878	11.7537	32.2017	11.3985	38.3448	10.3452
jcy8xi	2022/11/30 9:36:25	believe	ili	-24.0536	-33.5284	-23.4134	-19.5840	-25.2190	-5.9602	-22.4580	8.8751	-12.2942	18.3540	1.4809	23.5687	14.2531	18.2941	18.8737	13.8568	24.5659	10.6238	30.6070	8.0340	36.4749	5.4224
jcy8xi	2022/11/30 9:36:25	believe	ili	-23.3212	-31.5934	-20.6417	-18.4344	-21.0774	-5.3426	-18.0269	8.1533	-10.0659	18.8587	3.6011	24.7897	15.2861	18.3713	19.0764	13.2179	23.9693	9.7275	29.3831	7.2177	35.1659	4.7263
jcy8xi	2022/11/30 9:36:25	believe	ili	-22.9617	-31.8793	-19.7683	-17.8854	-20.0159	-4.2086	-16.5642	9.9810	-8.2330	21.8294	4.8409	29.6532	16.2881	20.2107	19.6536	14.0741	24.6699	10.2377	30.5764	7.6045	36.4740	5.2229
jcy8xi	2022/11/30 9:36:25	believe	ili	-22.9019	-32.4673	-19.6085	-18.4844	-19.7753	-4.8798	-17.3250	9.6993	-8.8736	22.5938	4.7214	29.6209	15.9091	20.3756	18.7172	14.6389	23.9444	10.7699	29.7944	8.5786	35.6433	6.0357
jcy8xi	2022/11/30 9:36:25	believe	ili	-23.5782	-32.8963	-22.4701	-18.6273	-21.2191	-4.5032	-17.4907	9.0713	-9.6213	20.1758	3.6491	26.1898	15.8122	19.2023	19.6454	14.0388	24.6779	10.6105	29.6980	8.2496	35.3313	5.9511
jcy8xi	2022/11/30 9:36:25	believe	ili	-24.1354	-33.0296	-23.7691	-18.8888	-21.9858	-5.6653	-18.2279	7.3777	-9.9596	18.6867	3.0619	24.6094	15.8761	18.6792	19.8841	13.8340	25.1094	10.4112	30.7167	7.9795	36.4136	5.6968
jcy8xi	2022/11/30 9:36:25	believe	ili	-25.9721	-35.5157	-26.4531	-21.9526	-24.4630	-7.2750	-18.4207	5.8025	-10.5850	16.7715	1.7035	22.7779	14.7834	17.5793	19.4170	13.3243	24.9793	9.9212	30.5124	7.5464	35.9957	5.0341
jcy8xi	2022/11/30 9:39:31	bereave	iri	-28.2929	-31.4210	-32.3822	-19.4918	-27.4411	-7.5130	-16.9246	0.9803	-8.7649	10.7249	2.7787	17.8273	14.3425	12.5446	18.7918	8.8185	24.2039	6.0997	29.4732	4.1219	34.6758	1.5094
jcy8xi	2022/11/30 9:39:31	bereave	iri	-29.4237	-32.2708	-34.1058	-20.5686	-28.3844	-7.6533	-17.9214	0.7249	-10.0750	11.4913	0.8468	19.9274	12.8633	14.8542	17.5395	10.8647	22.4057	8.0786	26.5921	5.0773	29.9357	1.4418
jcy8xi	2022/11/30 9:39:31	bereave	iri	-30.5069	-31.7318	-34.5459	-19.9410	-27.3338	-7.6222	-17.0937	1.7308	-10.4368	13.6003	0.3095	22.2598	11.6600	15.5893	16.2278	11.8440	21.7780	9.4421	26.9828	7.0839	30.8540	2.5757
jcy8xi	2022/11/30 9:39:31	bereave	iri	-32.3455	-32.1556	-34.5233	-20.1760	-26.8170	-8.0449	-16.4020	1.7804	-11.3221	13.4802	-1.3404	22.4970	10.9038	16.2188	15.8258	12.7651	21.2072	9.7373	25.5753	6.1381	28.6034	0.7264
jcy8xi	2022/11/30 9:39:31	bereave	iri	-29.4856	-30.9085	-31.6372	-18.5490	-24.1581	-6.8420	-15.4947	4.2191	-11.5668	16.5970	0.2544	24.5414	12.5010	18.5156	16.7684	13.7433	21.4875	10.5519	26.1287	6.8589	29.4664	2.2490
jcy8xi	2022/11/30 9:39:31	bereave	iri	-26.0080	-30.6827	-26.8494	-17.7160	-21.1686	-5.4762	-16.1438	6.5969	-9.9999	19.5053	2.9480	25.3466	14.9941	18.3318	18.7363	13.6400	23.5142	10.4079	28.1606	6.9701	32.2577	3.3596
jcy8xi	2022/11/30 9:39:31	bereave	iri	-24.6782	-29.5159	-23.6111	-15.8193	-20.2228	-2.5745	-16.4256	9.7393	-9.5636	22.2419	3.7238	27.3040	15.2173	19.2581	18.6364	14.1314	23.3347	10.5811	28.3548	7.7323	33.2788	4.6353
jcy8xi	2022/11/30 9:39:31	bereave	iri	-24.0992	-29.3733	-21.8720	-16.1486	-19.7176	-2.7096	-16.3696	10.1662	-8.8798	21.9179	4.1116	26.8527	15.3361	18.6125	19.1279	13.2302	24.1201	9.5237	29.5989	7.1418	35.5688	5.1455
jcy8xi	2022/11/30 9:39:31	bereave	iri	-24.2946	-31.1637	-23.6416	-17.5067	-21.0415	-4.8428	-16.9538	9.0800	-9.8560	21.6792	3.3778	26.6196	14.3703	18.2168	18.4577	13.0237	23.7513	9.7331	29.4016	7.1425	35.3940	4.7288
jcy8xi	2022/11/30 9:39:31	bereave	iri	-25.2645	-32.0820	-24.4141	-18.2221	-22.3653	-5.0715	-18.5781	7.9885	-11.4337	19.9918	1.4632	25.4436	13.5904	18.4456	17.6669	13.3903	22.9981	10.3203	28.7588	7.7941	34.6966	5.1722
jcy8xi	2022/11/30 9:39:31	bereave	iri	-26.1514	-32.6641	-25.8204	-18.6349	-23.0154	-4.5636	-18.7698	8.0341	-10.7763	18.8346	2.5292	24.2630	14.2982	17.3089	18.7404	12.8575	24.2893	10.0030	30.3407	7.9624	36.4139	6.1614
jcy8xi	2022/11/30 9:40:47	believe	ili	-24.9765	-35.3242	-27.2998	-22.4634	-28.6759	-9.3715	-23.2419	3.5850	-12.8458	12.0189	-0.6556	17.0928	12.0203	14.0557	17.0224	10.6449	23.1738	8.6567	29.2036	7.0250	35.0076	5.4997
jcy8xi	2022/11/30 9:40:47	believe	ili	-25.1105	-34.9591	-27.1136	-22.4089	-29.1050	-9.1333	-24.4689	4.8325	-14.0194	13.4701	-1.6607	17.7123	11.1919	15.1051	16.5671	12.1473	22.7724	10.3331	28.8265	9.4135	34.6794	7.8837
jcy8xi	2022/11/30 9:40:47	believe	ili	-25.3510	-35.4601	-26.6489	-22.8132	-29.2473	-10.1360	-26.6199	5.0373	-15.6277	13.9568	-2.3765	17.7318	11.4305	15.4980	17.4632	13.5466	24.3890	12.2835	30.6026	11.5104	36.9651	11.0988
jcy8xi	2022/11/30 9:40:47	believe	ili	-25.6586	-36.2501	-27.0480	-23.0683	-30.5215	-9.7729	-26.9085	4.9284	-15.2532	14.0828	-1.5503	18.4681	12.7796	16.5407	18.7155	14.4147	25.2229	13.1444	31.7494	12.4952	38.0520	11.4600
jcy8xi	2022/11/30 9:40:47	believe	ili	-25.1335	-34.1639	-23.8555	-22.1953	-28.3471	-9.4606	-26.4003	5.5960	-16.3204	15.4157	-3.1838	20.4365	10.5656	18.0676	16.6436	15.3181	23.3935	13.1933	29.7378	11.9266	36.1329	10.8417
jcy8xi	2022/11/30 9:40:47	believe	ili	-23.3656	-31.9756	-20.9341	-19.3559	-24.3284	-5.6827	-21.6185	8.9063	-12.1477	18.9223	1.7178	24.3258	14.3219	18.6523	18.7605	14.0335	24.5853	10.7777	30.7101	8.4824	36.6438	6.1831
jcy8xi	2022/11/30 9:40:47	believe	ili	-23.0290	-31.0327	-19.9363	-18.4734	-23.2945	-4.8809	-19.3757	9.0517	-10.0764	20.9927	3.1194	27.7760	15.4706	20.5348	18.6239	14.5798	23.6715	10.3352	29.5720	8.1418	35.5971	6.0318
jcy8xi	2022/11/30 9:40:47	believe	ili	-22.7620	-30.8576	-19.0857	-18.5229	-20.7423	-3.9987	-17.7074	9.5296	-8.5436	20.9353	4.4633	26.3418	15.5093	19.0493	18.9084	13.8346	23.9653	10.0432	29.6345	7.8503	35.6440	5.6381
jcy8xi	2022/11/30 9:40:47	believe	ili	-21.4039	-31.4452	-19.2304	-17.6925	-20.1633	-3.2946	-17.1597	9.8573	-8.4519	21.8308	4.1231	27.6583	15.9148	20.0443	19.2047	14.1391	24.2240	10.0287	30.1939	7.6328	36.3896	5.4950
jcy8xi	2022/11/30 9:40:47	believe	ili	-21.7936	-31.5583	-18.5127	-17.9104	-20.3666	-4.4009	-17.7904	9.2433	-9.7995	21.0384	2.9917	27.9211	14.0849	20.2791	17.1382	14.8566	22.4997	10.5827	28.5918	8.1825	34.8610	6.1963
jcy8xi	2022/11/30 9:40:47	believe	ili	-22.5856	-33.5055	-20.1017	-20.6257	-21.3153	-6.4147	-18.8701	7.6154	-10.9114	19.9385	2.5426	26.7206	14.6283	20.3344	17.8370	14.7701	23.4448	10.8261	29.5615	8.4404	35.7537	6.2685
jcy8xi	2022/11/30 9:43:53	bereave	iri	-27.4269	-33.7320	-31.6088	-21.1656	-28.2325	-8.5407	-17.9491	0.8976	-9.7615	11.0235	0.9951	19.3770	13.4808	14.9590	18.1603	10.7705	23.5489	8.1302	28.9615	6.3348	34.5357	4.5023
jcy8xi	2022/11/30 9:43:53	bereave	iri	-25.6399	-32.9605	-31.3582	-21.4569	-29.1275	-7.9706	-18.4820	1.3569	-10.2341	12.0711	0.7632	20.4424	13.0827	16.0307	17.9263	11.7822	23.3030	9.0290	28.6542	6.8905	33.6389	4.4328
jcy8xi	2022/11/30 9:43:53	bereave	iri	-27.0357	-32.3273	-31.6732	-20.0674	-28.1913	-7.1872	-17.8571	2.7082	-10.1936	13.9552	0.5948	22.2940	12.8740	16.8750	17.5761	12.8713	22.1437	9.5718	25.6706	5.4038	27.9320	0.3018
jcy8xi	2022/11/30 9:43:53	bereave	iri	-27.3850	-33.0399	-32.5082	-20.7471	-27.7077	-7.5160	-17.3245	2.1463	-11.2015	13.8401	-0.2750	23.9175	12.4050	18.1247	17.0694	13.8331	21.7600	10.5620	25.5423	6.7339	28.0810	2.0982
jcy8xi	2022/11/30 9:43:53	bereave	iri	-28.0769	-33.2903	-31.9214	-20.3019	-26.2577	-7.4858	-15.9136	3.4730	-10.7086	15.6067	-0.1705	25.0552	12.5973	18.8781	17.3233	14.6562	22.3448	11.5881	26.8670	7.8833	29.8186	3.2382
jcy8xi	2022/11/30 9:43:53	bereave	iri	-25.8952	-31.5972	-27.3567	-18.3175	-21.8389	-4.3435	-15.9982	8.6727	-9.6292	21.6614	3.6479	26.9889	14.8186	19.0586	18.7419	14.2643	23.5562	11.1621	28.0194	7.9998	32.2575	4.6601
jcy8xi	2022/11/30 9:43:53	bereave	iri	-25.1652	-29.3761	-23.0425	-15.6977	-20.5402	-1.9791	-16.6450	11.9909	-8.7813	23.3147	4.1016	27.5305	15.0922	19.2976	18.6452	14.2953	23.5198	10.8376	28.1174	7.4666	32.4616	4.0528
jcy8xi	2022/11/30 9:43:53	bereave	iri	-24.1711	-32.3049	-22.0884	-18.7587	-21.6683	-5.0269	-18.3349	9.4449	-10.9816	22.0494	2.5955	28.5767	14.4319	21.3327	17.7920	15.6227	22.3437	11.4415	27.7897	8.4775	32.5883	4.6819
jcy8xi	2022/11/30 9:43:53	bereave	iri	-24.0500	-32.1987	-23.1926	-17.9855	-20.7967	-4.1327	-17.7307	9.5704	-10.5030	21.6344	2.8193	27.6832	14.2322	20.3890	17.6824	14.9664	22.4506	11.2349	27.7024	8.3474	32.8392	5.3346
jcy8xi	2022/11/30 9:43:53	bereave	iri	-23.8608	-32.0593	-24.0447	-17.7037	-22.0220	-4.6253	-17.7171	9.1458	-10.0179	21.5470	3.8975	26.4709	15.0926	18.3321	18.6754	13.1304	23.7105	9.8241	29.1511	7.6111	34.9702	5.5340
jcy8xi	2022/11/30 9:43:53	bereave	iri	-24.5561	-32.8231	-25.8106	-18.4338	-22.5630	-3.7842	-17.6915	9.6013	-9.4133	20.7996	3.5328	25.1055	13.7212	17.0342	17.7792	12.1984	23.2563	9.2092	28.6165	7.0076	34.4256	5.1561
jcy8xi	2022/11/30 9:45:10	believe	ili	-25.9920	-34.7074	-28.2344	-21.8982	-29.7654	-8.1925	-23.6218	5.0704	-12.7294	13.3500	-0.5070	18.3117	12.3081	15.7193	17.5179	12.0499	23.2415	9.2192	28.9067	7.0015	34.5989	5.1170
jcy8xi	2022/11/30 9:45:10	believe	ili	-25.7282	-34.8375	-28.2631	-22.1411	-30.5665	-8.6528	-24.6176	6.1354	-13.5217	14.6978	-0.5326	18.6559	12.7914	14.5386	18.5814	12.2184	25.0349	10.6579	31.1899	8.7930	37.0013	6.4620
jcy8xi	2022/11/30 9:45:10	believe	ili	-24.7712	-34.7052	-27.2886	-22.5387	-30.9535	-8.3576	-26.8962	6.4940	-14.9894	15.8771	-1.5390	18.2119	11.2788	13.8053	16.7629	10.3061	23.4377	9.2546	29.2591	10.0127	34.8008	11.1663
jcy8xi	2022/11/30 9:45:10	believe	ili	-24.2006	-33.5254	-24.1025	-21.3209	-29.0246	-8.2864	-26.1810	7.1204	-14.8345	16.9742	-1.0139	20.0399	11.5221	14.9413	16.9703	11.6944	23.3233	10.4654	29.1322	10.6258	34.5278	11.1131
jcy8xi	2022/11/30 9:45:10	believe	ili	-23.5680	-31.2804	-21.9235	-18.3249	-24.4179	-3.7658	-20.5375	10.7135	-10.7490	21.3157	2.3970	25.6003	14.4603	19.8342	18.5544	15.3211	24.0441	12.1313	29.3976	9.8593	35.0280	7.1455
jcy8xi	2022/11/30 9:45:10	believe	ili	-22.0097	-30.4437	-19.0107	-17.6608	-20.9281	-3.8276	-18.2948	10.7607	-8.6539	22.2879	4.3829	29.4691	16.6326	21.8112	18.8747	15.9942	23.6132	12.1349	28.3955	9.8933	33.8541	7.3455
jcy8xi	2022/11/30 9:45:10	believe	ili	-22.0055	-30.6123	-19.8940	-17.4160	-20.6305	-3.3516	-17.0520	10.5858	-8.4605	22.8793	4.7417	29.5217	16.8781	21.5853	19.4684	15.3443	24.1384	11.4365	29.4960	9.1571	35.1387	7.0104
jcy8xi	2022/11/30 9:45:10	believe	ili	-23.4607	-32.1129	-21.8298	-18.5051	-20.7699	-4.7951	-18.2418	9.5586	-9.2436	21.3571	3.1007	29.1890	15.8998	23.2915	18.8238	17.0822	22.9084	12.6591	28.1527	9.8200	33.2237	7.0799
jcy8xi	2022/11/30 9:45:10	believe	ili	-23.5534	-32.3728	-23.0352	-17.6862	-21.5908	-3.7912	-18.0118	10.5524	-9.1260	22.1808	5.3002	27.5731	16.9932	19.9950	20.1574	14.8720	24.5834	11.6569	29.3729	8.9546	34.2599	5.7925
jcy8xi	2022/11/30 9:45:10	believe	ili	-23.3694	-33.6973	-23.2998	-19.4451	-21.9940	-5.6123	-18.9136	9.0799	-10.9098	20.6463	2.4066	25.8310	14.8512	19.5962	18.5577	14.8202	24.0092	11.6691	28.8914	8.9432	34.0278	5.9303
jcy8xi	2022/11/30 9:45:10	believe	ili	-24.0854	-33.7660	-24.9714	-19.5185	-23.7574	-5.2318	-19.7187	8.0400	-10.2400	19.5558	2.6872	24.2833	15.1558	18.6679	19.0760	13.9244	24.1021	10.8134	29.1405	8.2298	34.3166	5.0945
jcy8xi	2022/11/30 9:48:07	bereave	iri	-29.4035	-32.1595	-33.7823	-20.4682	-29.3927	-7.4324	-19.4963	2.2896	-10.4263	11.1424	0.0719	20.2728	12.8031	15.6547	17.0448	10.6911	21.9381	7.7511	26.6746	4.7507	30.2059	0.8328
jcy8xi	2022/11/30 9:48:07	bereave	iri	-30.1633	-32.0468	-34.4674	-20.4642	-29.2564	-7.7905	-18.8345	1.5918	-11.3668	12.4701	-1.2882	22.3198	11.3293	17.0592	15.6799	12.6282	19.8542	9.4504	23.4537	5.9227	25.5095	0.8569
jcy8xi	2022/11/30 9:48:07	bereave	iri	-31.7615	-32.2712	-34.6359	-20.0892	-27.8280	-7.9256	-17.2145	2.3466	-11.2535	14.7266	0.1407	22.9503	12.3599	16.2190	16.7477	11.6399	20.6372	7.4845	23.5021	3.1434	25.2910	-2.0338
jcy8xi	2022/11/30 9:48:07	bereave	iri	-30.8098	-31.1882	-32.4655	-18.1201	-24.7990	-6.7860	-15.6517	4.6364	-11.3497	16.4862	0.9081	24.3554	12.6718	17.8513	16.9941	13.2679	21.0225	9.2305	24.2713	4.8528	26.1596	-0.4432
jcy8xi	2022/11/30 9:48:07	bereave	iri	-26.9408	-29.4841	-28.0119	-16.0358	-21.5020	-3.7424	-15.9631	8.2918	-9.6621	19.9299	3.1393	26.0504	14.4326	18.9408	18.0180	13.8488	23.0236	10.8349	27.6685	7.4313	30.9819	3.0123
jcy8xi	2022/11/30 9:48:07	bereave	iri	-24.0063	-28.0237	-22.1852	-14.1835	-19.8971	-0.5920	-16.2401	13.1995	-7.6457	24.2759	6.1533	28.0594	16.8212	19.3504	19.9006	13.7526	24.4566	10.3759	29.6059	7.9734	34.7770	5.1044
jcy8xi	2022/11/30 9:48:07	bereave	iri	-22.6754	-28.2687	-21.6447	-14.5459	-19.8447	-1.4587	-16.8338	12.7554	-8.7615	23.9116	4.9330	28.5007	16.1340	19.9866	18.9429	14.0909	23.5477	10.0948	29.0244	7.8178	34.5563	6.0036
jcy8xi	2022/11/30 9:48:07	bereave	iri	-23.4632	-29.4182	-21.9708	-15.8396	-20.5135	-2.5064	-17.3672	11.2584	-9.4495	22.7715	3.9188	27.8531	15.5785	19.3224	18.8659	13.6014	23.3881	9.7647	28.9879	7.0379	34.8064	4.6606
jcy8xi	2022/11/30 9:48:07	bereave	iri	-23.7696	-30.8624	-23.5431	-17.0123	-22.8252	-3.7458	-18.9283	10.6976	-10.4994	22.0988	1.9558	27.6700	14.0883	20.5423	17.3258	14.8411	22.0253	10.7193	27.8061	8.0653	33.5367	5.3253
jcy8xi	2022/11/30 9:48:07	bereave	iri	-24.4695	-33.1297	-26.0312	-18.4487	-23.2631	-4.4398	-19.3516	9.4417	-10.3981	21.2691	3.2343	25.9149	15.0398	18.5488	18.7256	13.3956	23.6136	9.8842	28.9265	7.1772	34.5113	4.4372
jcy8xi	2022/11/30 9:48:07	bereave	iri	-25.5586	-33.7552	-27.0573	-19.6679	-24.4609	-4.5445	-19.3566	8.3388	-10.1217	19.8284	3.4761	23.8529	15.0598	16.9172	19.1221	11.9425	24.5725	8.8371	30.2013	6.7235	35.9503	4.1406
jcy8xi	2022/11/30 9:49:24	believe	ili	-26.3224	-34.7534	-28.5481	-21.8756	-28.8745	-8.5830	-22.6254	4.5139	-12.7323	14.3299	-0.5072	19.2806	11.5758	13.4425	16.4579	9.9059	22.5803	8.7150	28.6611	7.8107	34.6145	6.2541
jcy8xi	2022/11/30 9:49:24	believe	ili	-24.7158	-33.8962	-26.6597	-21.8185	-29.1172	-7.5925	-24.1789	6.4391	-13.4637	14.9119	-0.8808	19.6644	11.6741	15.2209	16.9132	11.6496	22.9225	10.0449	28.9235	9.1454	34.6331	7.7306
jcy8xi	2022/11/30 9:49:24	believe	ili	-23.6117	-34.0756	-24.7600	-20.9629	-31.0455	-7.2622	-27.0250	7.0469	-15.8613	16.7130	-2.0245	19.4889	11.3222	14.7634	17.3547	11.6622	23.8177	10.7476	29.9281	10.7117	35.4085	10.5853
jcy8xi	2022/11/30 9:49:24	believe	ili	-25.3361	-33.0724	-25.3561	-21.0821	-32.5817	-7.7337	-26.7576	7.6831	-14.5369	17.5819	-0.5453	21.0981	12.7417	15.9098	18.0887	12.1016	24.2342	10.3524	30.3480	10.2592	35.8717	10.6737
jcy8xi	2022/11/30 9:49:24	believe	ili	-23.5968	-31.8012	-21.0788	-19.8075	-26.1746	-5.4628	-22.2100	9.6636	-12.0925	20.6436	1.8150	25.6096	14.2799	19.3363	18.4038	14.6573	24.2576	11.7233	30.0283	9.9412	35.8199	7.5158
jcy8xi	2022/11/30 9:49:24	believe	ili	-20.6903	-29.8556	-19.8116	-16.7647	-22.1070	-2.0895	-18.4249	12.2574	-8.6918	23.5666	5.3399	27.5870	17.0161	19.2152	20.0441	13.5743	25.1972	9.8953	31.0385	7.6674	36.5673	5.1664
jcy8xi	2022/11/30 9:49:24	believe	ili	-19.7070	-29.9197	-18.8478	-16.3240	-19.9239	-1.8902	-17.8366	12.0200	-8.8563	24.2045	4.7553	29.1809	16.3320	20.8255	19.5609	14.8178	24.5315	10.7503	30.1860	8.1133	36.2968	5.5818
jcy8xi	2022/11/30 9:49:24	believe	ili	-21.8552	-29.7591	-18.5459	-17.1905	-19.8427	-2.6526	-18.2856	10.9312	-9.9397	23.0023	3.5186	29.7819	16.3405	22.0944	18.8440	15.8328	23.6734	11.2770	29.5543	8.6570	35.6586	6.3076
jcy8xi	2022/11/30 9:49:24	believe	ili	-22.9282	-31.3656	-22.0937	-17.9871	-22.6737	-4.4517	-19.7580	10.2890	-10.2271	21.5657	3.6760	26.2549	16.2475	19.4785	19.9271	14.0691	24.9548	10.6362	30.4473	8.7655	36.3117	6.8718
jcy8xi	2022/11/30 9:49:24	believe	ili	-22.9592	-31.4491	-22.9824	-17.5696	-23.3058	-4.0353	-19.2936	9.8753	-9.7861	22.1416	4.8165	26.1003	16.1010	18.3286	20.0978	13.5402	25.4913	10.5837	31.1977	9.0472	37.0502	7.0890
jcy8xi	2022/11/30 9:49:24	believe	ili	-24.6954	-34.5480	-25.9271	-21.1739	-25.0819	-6.4295	-18.6545	7.4643	-9.8866	19.4291	3.5754	24.0865	15.9846	17.5254	20.2644	12.6420	26.4284	9.5309	32.3561	7.7501	38.1381	5.6951
