we8z58	2022/12/07 18:22:51	bereave	iri	-26.9006	-33.4783	-28.3526	-21.0121	-21.9917	-10.4620	-12.3948	-2.0881	-1.4994	3.6698	10.6612	10.4686	24.1893	9.2092	29.6234	7.2291	35.3900	5.5624	40.4966	4.2043	45.9359	3.0111
we8z58	2022/12/07 18:22:51	bereave	iri	-27.6680	-32.9478	-28.5292	-19.9593	-22.1653	-9.4910	-11.4520	-1.7456	0.8233	3.2386	12.0083	11.2352	25.5317	10.5771	31.6972	8.3694	36.9454	6.8052	42.2980	4.9799	47.3951	2.2077
we8z58	2022/12/07 18:22:51	bereave	iri	-30.4368	-31.2276	-31.3072	-18.5220	-23.5211	-9.1143	-12.0890	-2.3985	0.7152	2.3780	11.6649	10.4260	26.1696	12.0853	32.4017	10.5737	38.3281	8.3414	43.8682	6.3485	48.9749	4.4929
we8z58	2022/12/07 18:22:51	bereave	iri	-30.2464	-30.2176	-31.5957	-17.5821	-23.8188	-7.6751	-12.4208	-1.6305	1.8955	2.6028	12.4903	10.9747	26.2088	11.9304	32.6066	10.7835	38.8875	9.6973	44.2072	8.4757	49.5077	7.6501
we8z58	2022/12/07 18:22:51	bereave	iri	-29.7346	-30.7131	-30.8920	-17.9011	-23.3797	-7.4969	-11.5068	-1.3898	2.3221	2.4316	13.1964	10.6290	26.8736	11.6472	33.1792	10.0218	38.8422	9.2412	43.9088	9.3388	48.8199	10.0332
we8z58	2022/12/07 18:22:51	bereave	iri	-30.1941	-30.5533	-31.0185	-17.8782	-22.6627	-7.8618	-10.7171	-2.0735	2.7181	2.5474	13.2231	10.9446	26.7576	11.9519	33.0308	9.8739	38.1516	6.6029	42.4961	2.4305	45.9110	-1.7996
we8z58	2022/12/07 18:22:51	bereave	iri	-26.7785	-30.7196	-26.5213	-17.2520	-16.0228	-7.3499	-4.0619	-1.3208	5.9335	7.1432	16.0370	16.0957	29.1176	11.2347	34.0363	7.3194	39.4341	4.6117	45.1730	2.3523	50.1258	-0.5608
we8z58	2022/12/07 18:22:51	bereave	iri	-23.2271	-31.6089	-22.8557	-18.8998	-11.2013	-7.8686	-0.0946	0.0492	5.6214	10.7468	15.5096	18.7955	28.2893	13.5169	32.2615	8.8447	36.5037	4.7539	40.8860	0.7018	44.0852	-3.5753
we8z58	2022/12/07 18:22:51	bereave	iri	-22.3208	-31.6752	-20.9560	-19.3457	-10.5737	-7.8812	0.2455	-0.5305	5.0596	11.0324	14.9669	19.6620	27.7851	13.7900	31.3226	8.7462	35.4532	4.2557	39.9596	0.5126	43.1906	-4.2031
we8z58	2022/12/07 18:22:51	bereave	iri	-22.9319	-31.9496	-21.3906	-20.0616	-10.5925	-8.8070	0.8306	0.0169	5.2477	12.2901	16.1161	18.6923	28.1348	12.3986	31.5410	7.4736	35.5413	2.4829	38.5481	-1.9715	39.5603	-7.4209
we8z58	2022/12/07 18:22:51	bereave	iri	-22.5223	-32.3213	-21.0757	-19.7593	-10.5896	-8.1849	0.1024	-0.4092	6.1645	10.4447	16.8095	17.8709	28.8072	11.1175	32.3954	5.4165	37.0222	1.4129	42.2494	-2.0744	47.7494	-5.7598
we8z58	2022/12/07 18:24:05	believe	ili	-23.8842	-34.0258	-25.5428	-21.1832	-21.1801	-9.6947	-13.6755	-0.1077	-2.1257	7.1866	11.0618	10.4522	22.4014	4.2021	28.1971	0.9479	34.1968	-1.5763	39.6691	-4.2505	45.0672	-7.7700
we8z58	2022/12/07 18:24:05	believe	ili	-22.8009	-34.6542	-25.5725	-22.0670	-22.1144	-10.2071	-16.1260	1.3696	-4.6045	7.5823	9.2870	11.3013	21.6861	5.3784	27.6276	2.2653	33.8263	0.4618	40.1676	-1.0641	46.1618	-3.6436
we8z58	2022/12/07 18:24:05	believe	ili	-22.0314	-34.7661	-25.0903	-22.1943	-22.7959	-10.2834	-17.5517	2.2436	-5.4910	9.0376	8.3544	11.2596	20.7920	5.8057	26.7895	2.8929	33.1361	1.2401	39.6504	0.0376	46.4495	-2.1819
we8z58	2022/12/07 18:24:05	believe	ili	-21.8212	-35.0936	-23.7231	-22.5186	-23.0225	-9.8109	-18.9438	2.5328	-7.2872	9.7031	6.5531	11.8008	19.5656	6.8691	25.4534	3.0210	32.0811	1.1905	38.8745	0.1228	45.6019	-1.2030
we8z58	2022/12/07 18:24:05	believe	ili	-20.4825	-34.8548	-21.6064	-22.0234	-21.1435	-8.9613	-16.8845	3.6155	-5.9235	10.5248	8.0219	13.1618	21.0559	7.5651	26.6934	3.6400	32.5692	1.0272	38.8430	-0.3183	45.3199	-2.4783
we8z58	2022/12/07 18:24:05	believe	ili	-19.8690	-33.5283	-20.0101	-20.0257	-16.9603	-6.8069	-11.4447	4.4737	-0.4658	11.4264	12.8750	14.7581	25.0823	8.7586	29.0927	3.3679	34.2239	-0.3912	39.7011	-2.8452	45.3422	-6.2930
we8z58	2022/12/07 18:24:05	believe	ili	-19.0396	-32.7057	-17.3931	-19.3942	-12.3433	-6.5217	-6.0565	3.4721	2.9862	12.8619	14.8508	17.8181	26.4860	12.0346	30.2607	6.9157	34.1690	2.3465	38.2296	-1.5090	41.5804	-6.4432
we8z58	2022/12/07 18:24:05	believe	ili	-18.5000	-31.3245	-15.4070	-18.5713	-10.0660	-6.3747	-2.4641	3.6621	4.1238	14.0059	16.4936	18.8667	27.9899	11.8280	31.3838	6.5693	35.2567	1.9514	38.9734	-1.8538	41.2268	-7.2750
we8z58	2022/12/07 18:24:05	believe	ili	-18.9485	-31.5010	-15.4123	-18.8551	-9.1860	-6.6103	-1.1965	3.3476	4.7729	13.5915	16.5516	18.8815	28.0092	11.7891	31.5680	6.3450	35.9140	2.1076	40.0490	-1.7462	43.4734	-7.1472
we8z58	2022/12/07 18:24:05	believe	ili	-19.3604	-32.9041	-17.4270	-19.7480	-9.9296	-6.8159	-1.5756	2.4006	4.4990	12.6907	16.4118	17.9312	28.0457	11.0612	31.7652	5.6643	36.3918	1.6160	41.6464	-1.7141	46.9914	-5.5125
we8z58	2022/12/07 18:24:05	believe	ili	-19.5591	-32.8181	-18.2147	-18.5998	-10.3110	-6.8471	-1.8602	1.6570	5.0022	11.3767	17.1913	16.7180	28.4051	9.6781	32.1787	4.2085	37.1189	0.7539	42.3480	-2.2518	47.8198	-5.4675
we8z58	2022/12/07 18:26:57	bereave	iri	-25.3212	-32.8369	-27.1846	-20.5115	-22.3089	-10.3104	-14.7901	-0.9245	-4.5659	4.7253	6.9510	9.6051	19.7975	7.5510	25.2560	4.1311	30.9161	1.4145	35.6879	-0.8541	40.6158	-3.9205
we8z58	2022/12/07 18:26:57	bereave	iri	-26.2691	-32.6198	-28.1637	-20.2493	-22.6071	-9.6951	-14.2156	0.1055	-2.4913	5.4481	10.5316	10.7901	23.4843	8.3613	29.2608	6.9081	35.4759	5.6722	40.5913	4.6503	45.7604	3.5390
we8z58	2022/12/07 18:26:57	bereave	iri	-27.3128	-32.0128	-29.6171	-20.1350	-24.0636	-9.9980	-15.1933	-0.9922	-3.7047	3.6544	8.7810	8.7957	22.1363	10.1026	29.0225	8.6070	35.0126	7.5382	40.7208	6.7150	46.5939	6.5035
we8z58	2022/12/07 18:26:57	bereave	iri	-27.1961	-33.2173	-29.5658	-20.5359	-24.2005	-10.0360	-15.0251	-1.1760	-2.8071	2.6851	9.7780	7.9766	23.7332	10.0053	30.4533	8.3325	36.5294	6.7615	41.6568	4.5519	46.7247	1.9288
we8z58	2022/12/07 18:26:57	bereave	iri	-26.8392	-33.4616	-29.4985	-20.9149	-24.1399	-10.1611	-13.9493	-1.5097	-1.0748	2.2448	11.1578	8.4344	26.3791	10.0274	32.6972	7.9145	38.4124	6.2701	43.7017	5.3148	48.8937	5.2269
we8z58	2022/12/07 18:26:57	bereave	iri	-25.9268	-33.5968	-28.1024	-20.8400	-21.4252	-9.8912	-10.9454	-2.2031	1.0604	2.8623	12.0605	10.3851	26.1666	11.0172	32.4073	8.4462	37.4045	5.3042	41.1240	1.3650	44.2617	-1.9837
we8z58	2022/12/07 18:26:57	bereave	iri	-23.2338	-32.4419	-24.6141	-19.5017	-15.4622	-8.8485	-5.0533	-1.2123	4.6514	6.8946	14.2895	15.1158	27.2181	12.2835	32.5157	8.7126	38.1786	6.1229	44.2312	3.9214	49.7874	0.9454
we8z58	2022/12/07 18:26:57	bereave	iri	-20.7619	-33.0472	-22.1601	-20.4105	-13.4594	-8.8106	-4.1600	-1.5481	4.6872	7.8158	12.9104	17.0158	26.0204	15.1157	30.3361	10.9309	34.4436	7.2135	38.1294	3.0829	41.9733	-0.6491
we8z58	2022/12/07 18:26:57	bereave	iri	-21.5251	-30.9709	-20.4349	-18.2762	-10.3072	-6.9211	-0.4026	0.3171	5.5763	10.6202	16.1129	18.1719	27.7706	12.8802	31.0030	7.8380	34.9884	3.1595	38.4520	-0.7723	40.4569	-6.4301
we8z58	2022/12/07 18:26:57	bereave	iri	-20.8894	-31.4591	-19.9710	-18.5854	-10.3843	-7.2699	-0.7702	0.7216	5.5132	10.7177	16.2428	17.7097	27.9284	11.8049	31.2223	6.8683	34.8217	2.1065	37.9078	-1.9900	39.9994	-6.9820
we8z58	2022/12/07 18:26:57	bereave	iri	-21.5562	-31.7801	-20.0482	-18.8825	-11.4327	-7.6362	-1.4959	-0.3495	4.8913	9.8403	15.8716	16.8426	27.5072	10.4401	30.8735	5.3096	35.2305	1.1827	40.0525	-2.4807	44.4513	-7.4095
we8z58	2022/12/07 18:28:11	believe	ili	-23.5553	-33.4627	-25.4201	-20.6471	-21.8872	-9.4662	-15.1223	0.7860	-3.6839	6.8739	9.1540	12.1922	21.0688	5.7155	26.2114	1.7958	32.4917	-0.7801	38.2607	-2.9822	44.1787	-4.7959
we8z58	2022/12/07 18:28:11	believe	ili	-22.9836	-33.4851	-25.3757	-20.7786	-22.2117	-8.9994	-15.6588	2.2341	-3.0877	8.2750	10.4694	11.4610	22.4356	5.3428	28.0325	1.9846	34.1825	-0.3067	40.2580	-2.4318	46.2345	-4.6337
we8z58	2022/12/07 18:28:11	believe	ili	-22.4194	-32.7331	-24.7946	-19.5611	-21.8749	-8.3657	-17.0524	3.5078	-5.2792	9.5574	7.6350	11.4590	19.4788	6.2769	24.9649	3.1013	31.5699	1.7094	38.0387	0.4215	43.7159	-2.0199
we8z58	2022/12/07 18:28:11	believe	ili	-21.0824	-32.5048	-23.7419	-20.1320	-22.4666	-8.1517	-17.9544	4.1831	-5.8281	10.5121	7.6275	12.3286	19.9955	6.9688	25.7637	3.5006	32.2198	2.0629	39.0394	0.7762	45.7736	-0.7083
we8z58	2022/12/07 18:28:11	believe	ili	-20.5637	-33.2863	-22.0244	-20.5397	-21.1535	-8.5759	-16.9913	4.0338	-5.5469	10.5592	8.4468	12.9642	20.7300	7.2129	26.2913	3.6045	32.2826	1.4432	38.7383	0.3677	45.6480	-0.6470
we8z58	2022/12/07 18:28:11	believe	ili	-21.1417	-33.7346	-20.9511	-20.8062	-19.1402	-7.9932	-13.2787	3.4281	-1.9516	11.2565	11.7766	15.4951	24.3959	9.8173	28.2001	4.1474	33.2826	0.3021	39.0314	-2.0323	44.9473	-4.6350
we8z58	2022/12/07 18:28:11	believe	ili	-20.3869	-33.3538	-19.4818	-20.1182	-13.9898	-7.4814	-6.1538	2.1400	2.1243	11.1721	13.7003	17.7609	25.7464	12.5876	28.7997	7.0944	32.3189	2.2814	35.5465	-2.2275	38.1667	-7.3291
we8z58	2022/12/07 18:28:11	believe	ili	-19.1967	-31.9890	-17.6152	-18.7784	-10.0235	-6.3238	-1.9442	2.5262	4.3096	12.5016	15.4388	19.2287	26.9641	13.1085	30.4376	7.8920	33.9698	2.8982	37.4463	-0.7912	39.2017	-6.4518
we8z58	2022/12/07 18:28:11	believe	ili	-20.0042	-33.0650	-17.6548	-19.6737	-9.3196	-7.1323	-0.6119	1.8993	5.3228	12.2287	16.2020	19.1858	27.9641	12.4809	30.9765	7.1814	34.4084	2.2023	37.8426	-1.8228	39.5513	-7.4962
we8z58	2022/12/07 18:28:11	believe	ili	-20.4895	-32.0971	-18.1567	-18.3645	-9.5719	-6.6602	-0.6130	1.8116	5.7663	11.5867	16.7317	17.9467	28.1473	10.9908	31.3127	5.4289	35.7161	1.1741	40.6507	-2.9156	44.6605	-7.7920
we8z58	2022/12/07 18:28:11	believe	ili	-19.0175	-32.6467	-18.2143	-18.6934	-9.5350	-6.4625	-0.5890	1.7628	5.4341	11.4515	16.6270	17.4260	27.9367	9.9646	31.4698	4.7070	36.4425	0.9247	42.1231	-2.2226	47.6307	-5.4659
we8z58	2022/12/07 18:31:03	bereave	iri	-24.8687	-35.5140	-27.5650	-23.6759	-24.2376	-12.2812	-15.6312	-1.7723	-4.2404	3.8071	7.8322	9.7104	21.0740	8.6728	26.3229	5.5406	31.3068	2.4535	35.5472	-1.1688	39.3628	-3.8687
we8z58	2022/12/07 18:31:03	bereave	iri	-25.4906	-35.0927	-29.0159	-22.8592	-24.4933	-11.0768	-14.9431	-1.4529	-3.1706	3.7200	8.9648	10.4132	22.4102	9.8598	28.3595	8.2527	34.1413	7.2622	39.4183	6.6372	44.6145	5.5469
we8z58	2022/12/07 18:31:03	bereave	iri	-27.2153	-34.6347	-29.2501	-21.4738	-23.5111	-9.7165	-13.8079	-0.9332	-1.3586	3.0126	9.8299	9.5116	23.4205	11.0027	29.3425	10.0429	35.1498	9.1103	40.3174	9.1328	46.0868	9.2136
we8z58	2022/12/07 18:31:03	bereave	iri	-26.7112	-33.6235	-29.1347	-21.1979	-24.2151	-10.1522	-14.1913	-1.8112	-1.7333	1.4669	9.3772	8.2912	23.2818	11.3763	29.3978	10.3793	35.1080	9.2114	39.7773	9.3455	45.2722	10.4775
we8z58	2022/12/07 18:31:03	bereave	iri	-24.8522	-36.0018	-28.8443	-23.2891	-23.9730	-10.6311	-12.6071	-2.5564	0.3516	1.1963	11.6192	8.9102	26.0631	10.8027	32.1228	9.1771	37.6971	7.7375	42.9271	7.3054	48.1780	7.2287
we8z58	2022/12/07 18:31:03	bereave	iri	-22.7616	-34.9670	-25.3096	-21.4300	-18.0384	-9.9824	-6.7736	-2.6721	3.3007	4.1850	12.7249	13.5928	26.2240	12.3428	31.8373	9.1692	37.0948	6.6502	42.2435	4.0979	46.9050	1.3297
we8z58	2022/12/07 18:31:03	bereave	iri	-21.8090	-33.6221	-21.2703	-20.2679	-11.1623	-9.1282	-0.6295	-0.7604	5.0069	10.3203	14.3486	19.0132	27.1981	14.7636	31.1335	10.1997	34.9486	5.7941	38.5375	1.9496	40.8742	-3.3482
we8z58	2022/12/07 18:31:03	bereave	iri	-21.6580	-33.1646	-20.5340	-20.0467	-9.5546	-8.8898	0.3046	-0.1334	5.8838	11.2376	15.9516	18.8812	28.5985	13.1421	32.0594	7.7504	35.9552	3.3242	40.5563	-0.3566	43.8400	-5.2317
we8z58	2022/12/07 18:31:03	bereave	iri	-21.5740	-33.6959	-19.9807	-20.6788	-10.5088	-8.8250	-0.7077	-0.8565	4.8148	9.9668	14.6100	17.9498	26.9140	13.3668	30.4840	8.3168	33.9150	3.4437	37.2863	-0.5029	39.2286	-5.9802
we8z58	2022/12/07 18:31:03	bereave	iri	-21.0057	-33.1172	-19.3911	-20.1977	-10.2193	-8.3252	-0.5531	-0.6230	4.7335	10.2931	14.7376	18.0804	27.0821	12.1222	30.6575	6.8990	35.2401	3.0707	40.5053	0.2355	45.2997	-3.6185
we8z58	2022/12/07 18:31:03	bereave	iri	-22.2923	-33.2565	-19.9286	-20.0233	-10.5949	-9.1238	-1.1813	-0.2372	3.4903	10.9829	14.4433	18.1966	26.7426	11.6461	30.4971	6.5274	34.6527	2.0130	38.7655	-1.0818	42.4003	-5.8670
we8z58	2022/12/07 18:32:18	believe	ili	-21.9287	-37.5193	-25.0498	-25.1842	-22.7287	-12.3678	-14.4061	-0.9433	-2.3740	6.1052	11.1996	12.2335	24.0866	6.8151	28.8939	3.0336	34.5495	-0.4413	40.3112	-2.6930	46.0478	-6.1177
we8z58	2022/12/07 18:32:18	believe	ili	-22.4046	-37.3908	-25.0160	-24.9128	-22.4964	-12.0204	-14.6419	-0.7012	-3.0137	6.5123	10.5134	12.2999	23.4107	7.5270	28.2896	3.9888	34.3613	1.0462	40.4311	-1.0345	46.4504	-3.7783
we8z58	2022/12/07 18:32:18	believe	ili	-22.3701	-38.7558	-24.7234	-25.4429	-22.4587	-12.3511	-15.5955	-0.7941	-4.4213	6.6037	9.1255	12.1321	22.4163	7.5573	27.8148	4.2467	33.9639	1.8005	40.0148	0.1086	46.0529	-2.5730
we8z58	2022/12/07 18:32:18	believe	ili	-22.2035	-36.6093	-24.1441	-24.0911	-23.1889	-10.9718	-16.7751	0.8495	-5.0407	7.9280	8.9396	12.3599	21.7723	7.5886	27.1560	4.3371	33.2167	2.5302	39.3931	1.0136	45.5548	-0.3860
we8z58	2022/12/07 18:32:18	believe	ili	-21.7399	-36.2263	-23.3180	-23.3046	-22.4306	-10.3668	-16.3837	1.9973	-4.3058	9.4865	10.2376	12.9558	23.4878	8.2188	28.5738	4.8265	34.7811	2.1105	41.2453	0.4304	47.0444	-1.7135
we8z58	2022/12/07 18:32:18	believe	ili	-21.0512	-35.2314	-20.3372	-21.8454	-18.2731	-8.3939	-11.8337	2.5069	-0.3777	10.9359	12.9783	16.2603	25.6854	10.3005	29.7108	4.9875	34.8212	1.0008	40.0222	-1.4938	45.2175	-5.2284
we8z58	2022/12/07 18:32:18	believe	ili	-19.5869	-33.8004	-18.5912	-21.0164	-14.0076	-7.9782	-6.1113	1.7870	2.1245	11.3353	13.7123	18.2349	26.3779	12.3604	29.8784	6.0750	33.7467	0.9791	37.9550	-2.7862	41.5227	-7.5099
we8z58	2022/12/07 18:32:18	believe	ili	-19.4671	-32.5654	-16.9953	-19.5300	-10.6736	-6.7203	-2.7870	2.6206	4.8310	12.0260	15.5778	19.2238	27.4216	12.3032	30.4974	6.1808	34.3078	1.2792	38.6958	-2.3189	42.6302	-7.2751
we8z58	2022/12/07 18:32:18	believe	ili	-19.1952	-32.4685	-16.5451	-19.1172	-9.8992	-6.6521	-1.7717	2.0724	5.2576	11.5846	16.3440	18.4955	27.8076	11.6167	30.7113	5.4007	34.5579	0.6109	39.5507	-2.6805	44.4661	-6.6940
we8z58	2022/12/07 18:32:18	believe	ili	-19.5286	-35.1243	-18.1745	-21.4246	-10.7187	-8.2517	-2.8286	0.9151	4.8076	11.1547	16.0077	18.2626	27.9337	10.6177	31.1212	4.5936	35.8990	0.6254	41.4922	-2.3117	47.0766	-5.7871
we8z58	2022/12/07 18:32:18	believe	ili	-19.6099	-33.8015	-18.4894	-19.9488	-10.1095	-6.9331	-1.6983	2.7906	4.9058	13.4053	17.0982	18.1746	28.5274	10.2459	31.6546	4.1264	36.6860	0.4472	42.3770	-2.2803	47.9652	-5.1682
we8z58	2022/12/07 18:35:17	bereave	iri	-29.4694	-29.7156	-29.6210	-16.7101	-22.3916	-6.8434	-13.9740	0.5205	-2.3343	6.0958	9.7513	11.9480	22.8905	9.7520	28.2194	6.5673	33.3228	4.3498	37.8802	1.6296	41.8387	-1.1003
we8z58	2022/12/07 18:35:17	bereave	iri	-29.2682	-29.5779	-30.4673	-16.6417	-22.9485	-6.5192	-13.4230	0.7030	-1.2074	4.9712	10.4682	11.6736	24.1402	11.8430	29.8972	9.3014	35.0780	6.7849	39.7952	6.2214	45.3901	6.1971
we8z58	2022/12/07 18:35:17	bereave	iri	-29.4120	-29.0909	-30.7040	-16.3744	-23.0009	-6.1045	-13.1526	0.5925	-0.9065	4.2828	10.3294	10.3165	23.9044	12.4479	29.4758	10.6064	35.1078	8.2434	39.9452	6.7169	45.4274	5.0633
we8z58	2022/12/07 18:35:17	bereave	iri	-29.2372	-30.7578	-31.2437	-17.5900	-23.7057	-7.2223	-13.5723	-0.2935	-0.4618	2.6573	10.7263	9.3994	23.5409	12.1631	29.5469	10.4951	35.0209	7.6866	40.0545	5.5462	44.5219	1.3029
we8z58	2022/12/07 18:35:17	bereave	iri	-29.1272	-30.2719	-30.9700	-17.8146	-24.0428	-7.7183	-13.4723	-0.8827	-0.0958	1.6262	11.9286	9.0950	25.8519	11.7008	32.0956	9.8013	37.0807	7.4000	41.6565	4.7065	46.0372	1.0704
we8z58	2022/12/07 18:35:17	bereave	iri	-27.4451	-30.3540	-28.7005	-17.2108	-20.9551	-6.6921	-9.9227	-0.6086	2.7486	3.8366	13.3268	12.0035	26.6112	11.2164	31.8175	8.1494	36.8940	5.4180	41.4623	2.3174	44.9715	-2.2460
we8z58	2022/12/07 18:35:17	bereave	iri	-25.8612	-29.4176	-24.7452	-16.1141	-15.4992	-6.0466	-5.0534	1.0308	4.4359	9.7560	13.8874	18.4356	27.1228	14.6444	31.4000	10.1012	35.3429	5.7019	39.3385	1.6017	42.5285	-3.7913
we8z58	2022/12/07 18:35:17	bereave	iri	-24.3444	-28.6731	-21.3860	-15.7576	-11.3511	-5.9850	-1.2520	2.3712	5.3230	12.6245	15.0701	19.6305	27.8284	14.1042	31.1374	8.7878	35.0656	4.2290	39.9531	0.3973	44.4052	-3.7838
we8z58	2022/12/07 18:35:17	bereave	iri	-23.5671	-29.8509	-20.9676	-16.9904	-11.2434	-6.2332	-0.9299	2.0021	4.6260	12.8220	15.4236	19.5158	27.7703	13.2463	30.9950	7.6480	35.0438	2.8157	39.0286	-0.8320	42.8808	-5.8099
we8z58	2022/12/07 18:35:17	bereave	iri	-22.6831	-30.1805	-20.7056	-17.3707	-10.5739	-5.4092	-0.5139	2.7416	5.9163	13.2917	17.2579	18.5609	28.9225	11.9208	31.8674	6.5939	35.9640	2.0937	41.0947	-1.5308	46.0882	-5.8925
we8z58	2022/12/07 18:35:17	bereave	iri	-22.4564	-30.1494	-20.6752	-17.3722	-12.0216	-6.4899	-1.9508	1.6788	5.3623	11.5214	16.3640	17.9653	27.8392	11.5765	31.2279	6.2487	35.4678	1.8146	40.6212	-1.9240	44.9727	-6.8052
we8z58	2022/12/07 18:36:33	believe	ili	-22.2759	-36.4266	-25.6258	-24.3059	-24.5537	-11.8155	-18.4877	-0.1567	-5.8968	6.7040	8.1272	11.1482	20.7285	4.7028	26.1578	0.9614	32.1811	-1.6905	38.2264	-4.4031	43.8960	-7.8191
we8z58	2022/12/07 18:36:33	believe	ili	-22.8465	-36.3026	-25.9368	-23.5265	-23.9529	-10.8696	-18.0871	1.4098	-5.6061	8.3176	8.4637	11.8075	21.2030	5.8885	26.5970	2.3247	32.7102	0.5152	38.7860	-1.5258	45.1276	-3.9952
we8z58	2022/12/07 18:36:33	believe	ili	-23.7129	-36.0201	-25.8583	-22.8562	-24.6288	-10.0360	-19.3518	2.4856	-6.0914	9.7811	7.8374	12.3363	20.3671	6.8757	26.1264	3.8080	32.5955	2.2870	39.4596	0.7997	45.6271	-1.8211
we8z58	2022/12/07 18:36:33	believe	ili	-21.3752	-36.0969	-23.1558	-23.2747	-23.2106	-10.1175	-19.5005	3.0644	-6.9151	10.5454	7.8548	13.0534	20.4502	7.1303	26.5093	3.9447	32.9149	2.3130	39.7272	0.7118	46.1001	-1.7353
we8z58	2022/12/07 18:36:33	believe	ili	-21.0861	-34.6743	-21.3769	-22.1325	-21.5770	-9.8670	-17.8252	3.8162	-5.3483	11.1985	10.0249	14.2090	22.3697	8.3419	27.3970	4.6981	33.6241	1.9183	39.5810	-0.4358	45.8421	-3.5716
we8z58	2022/12/07 18:36:33	believe	ili	-20.5548	-33.9892	-19.7045	-20.7057	-18.0260	-7.7851	-11.9120	3.3427	-0.3901	11.5691	13.2915	16.2710	25.7131	10.1439	29.1856	4.2928	33.8453	0.0085	38.9624	-3.2135	44.3833	-6.5297
we8z58	2022/12/07 18:36:33	believe	ili	-19.5033	-32.3307	-17.4160	-19.1890	-12.4275	-6.3643	-4.7318	3.5833	3.5575	12.2729	15.1257	18.4646	26.9964	11.5372	29.7276	5.0885	33.5177	0.2994	38.0398	-3.2323	42.2098	-8.0730
we8z58	2022/12/07 18:36:33	believe	ili	-19.4606	-31.4305	-16.0644	-18.9279	-10.5745	-6.3790	-2.5897	3.1456	4.1340	12.9645	15.2196	19.9440	27.8968	13.1014	31.1007	6.5645	34.6225	1.1096	38.9134	-2.8961	42.4079	-7.9319
we8z58	2022/12/07 18:36:33	believe	ili	-19.7179	-31.7174	-17.4675	-19.3235	-10.6179	-7.2186	-1.9819	2.4136	4.4887	12.6534	15.6835	19.4523	27.8682	12.3650	30.6554	6.3349	34.3758	1.6301	38.7088	-2.0084	42.8045	-7.1166
we8z58	2022/12/07 18:36:33	believe	ili	-19.6898	-32.1629	-17.7468	-19.0732	-10.0362	-6.9713	-1.6239	2.1205	4.8583	12.2132	16.6691	18.7966	28.0713	11.3383	30.8856	5.6558	35.0801	1.2458	40.0066	-1.5646	45.4996	-5.3871
we8z58	2022/12/07 18:36:33	believe	ili	-20.9268	-32.7006	-18.4878	-19.2601	-10.8470	-6.7514	-2.1386	2.5031	5.0281	12.2694	16.8599	18.1963	28.0147	10.6966	31.1025	4.9893	35.7860	0.9862	41.2841	-1.7875	46.8792	-4.7026
we8z58	2022/12/07 18:39:40	bereave	iri	-27.6757	-32.2804	-29.7050	-19.6890	-24.2126	-7.9009	-14.2407	0.0645	-3.8172	5.2863	7.3911	12.0563	20.8262	11.9846	26.9303	9.5295	31.7960	6.8816	36.9123	4.3670	41.5134	1.5399
we8z58	2022/12/07 18:39:40	bereave	iri	-28.4891	-29.4344	-29.7567	-16.1054	-21.6008	-5.5857	-12.2585	0.9185	-1.4271	4.8413	9.3251	12.1607	22.3343	12.3631	28.1093	10.1488	33.0741	7.5198	38.0159	5.8853	42.4965	3.6333
we8z58	2022/12/07 18:39:40	bereave	iri	-27.5483	-29.0038	-29.3818	-16.2012	-21.9739	-5.6530	-11.9610	0.7414	-1.2754	3.8260	8.8102	10.1035	21.6814	13.0312	27.7575	11.4291	33.1597	8.2833	38.0582	5.6181	43.1284	2.5729
we8z58	2022/12/07 18:39:40	bereave	iri	-29.5891	-28.8634	-30.9409	-16.0166	-22.7962	-5.8060	-12.3508	0.3800	-0.2470	3.0572	9.6773	9.4787	22.6898	13.0112	29.2251	11.3716	34.8044	8.0250	39.5485	4.9616	43.2027	0.3644
we8z58	2022/12/07 18:39:40	bereave	iri	-28.0125	-28.6471	-29.5115	-16.0004	-21.6057	-4.8086	-11.3181	0.5038	0.7042	3.1746	10.7004	10.0191	23.3860	13.0351	29.1168	11.3988	34.7326	9.1083	39.7738	7.8442	45.5280	7.4000
we8z58	2022/12/07 18:39:40	bereave	iri	-26.2674	-28.3981	-26.7123	-15.8118	-19.2688	-5.9669	-9.4543	0.5220	2.4962	6.1938	11.9334	14.2914	24.9602	13.8490	30.1058	10.4149	34.8256	7.1072	39.4347	3.6174	43.2023	-0.0102
we8z58	2022/12/07 18:39:40	bereave	iri	-23.1078	-27.4355	-21.9210	-14.5153	-13.2424	-4.5148	-3.4957	2.0144	4.1820	11.1712	13.6568	19.7095	25.2833	15.4411	29.5787	10.4838	33.6916	6.5641	37.6456	2.9143	40.6334	-2.9574
we8z58	2022/12/07 18:39:40	bereave	iri	-22.9111	-27.7015	-21.0393	-14.6887	-11.6802	-3.9911	-1.7426	2.9020	5.6947	12.3741	15.6478	19.6289	27.1085	14.2253	30.4649	8.6919	34.2945	4.0927	38.4665	0.5014	41.8576	-4.2423
we8z58	2022/12/07 18:39:40	bereave	iri	-22.5526	-28.2600	-20.8705	-15.3727	-11.8516	-5.5311	-1.8706	1.9806	5.2417	11.9655	15.9573	19.3374	28.1234	13.5688	31.0984	7.5795	34.8872	2.6451	38.4880	-1.1304	41.7639	-6.2111
we8z58	2022/12/07 18:39:40	bereave	iri	-22.3553	-27.5298	-20.3106	-14.3650	-10.6069	-4.2408	-0.3599	3.0386	6.4337	13.1330	17.3016	19.6288	28.5147	13.3372	31.2568	7.4033	34.9312	2.5241	39.1608	-0.7587	43.8328	-4.7765
we8z58	2022/12/07 18:39:40	bereave	iri	-22.3657	-27.9751	-20.4848	-15.4964	-11.9226	-5.2616	-2.2699	2.9520	5.3157	12.5663	15.8518	19.2973	27.9347	13.3958	30.9303	7.4656	34.9926	2.6076	39.1837	-1.0223	43.3644	-6.0588
we8z58	2022/12/07 18:40:56	believe	ili	-22.2645	-33.0619	-24.5418	-20.7933	-22.3030	-9.4801	-15.5992	0.8655	-4.3526	7.2637	8.2008	10.9508	19.8648	5.6842	25.1451	2.7254	31.3846	0.9608	37.1843	-1.4821	43.0049	-4.8701
we8z58	2022/12/07 18:40:56	believe	ili	-21.7310	-32.0347	-24.2433	-19.8135	-22.0508	-8.0096	-16.2122	2.5341	-5.1016	8.1605	8.1614	10.9567	19.6069	4.8170	25.6782	2.1012	32.3494	0.7673	38.4640	-0.6311	45.2498	-1.9581
we8z58	2022/12/07 18:40:56	believe	ili	-21.0474	-31.5885	-23.6065	-19.6407	-22.0110	-8.1292	-17.4168	3.7718	-5.4954	10.0004	8.2917	10.8422	19.7951	4.5164	25.8392	2.5485	32.4449	1.6358	38.5251	0.2419	44.5398	-2.4445
we8z58	2022/12/07 18:40:56	believe	ili	-19.3133	-32.2085	-22.3497	-20.3017	-21.8120	-8.3292	-17.5639	3.7090	-5.6267	10.8581	7.9496	11.7019	19.4945	5.6839	25.3858	3.2181	31.8237	2.0848	38.2813	0.7575	44.4192	-1.2718
we8z58	2022/12/07 18:40:56	believe	ili	-18.0791	-32.4956	-20.4045	-20.1167	-20.9922	-7.6001	-16.2979	4.8743	-4.5479	11.6146	9.2240	12.6916	21.2109	7.0850	26.5079	3.7386	32.5596	1.6254	38.4498	-0.2863	44.3668	-3.3772
we8z58	2022/12/07 18:40:56	believe	ili	-18.4409	-32.5590	-19.9129	-19.9167	-17.7129	-6.8468	-10.8301	4.3518	0.4697	12.6283	14.1154	16.1528	26.1395	9.4757	29.6584	3.5369	34.3281	-0.5064	39.3273	-3.3990	44.6470	-7.0124
we8z58	2022/12/07 18:40:56	believe	ili	-18.1666	-32.0886	-17.6315	-18.9054	-14.0497	-6.2267	-6.2661	3.5712	2.7959	12.9960	15.1458	17.8785	26.8093	10.9222	29.8970	5.0960	33.5441	0.1978	38.1535	-3.3991	42.7458	-7.7626
we8z58	2022/12/07 18:40:56	believe	ili	-18.5957	-31.3318	-16.4695	-18.0160	-11.5071	-6.0609	-4.2939	3.4428	3.8188	13.0862	15.7902	19.0394	27.6966	11.5412	30.8608	5.4760	34.7514	0.5212	38.9867	-3.1644	43.4374	-7.6789
we8z58	2022/12/07 18:40:56	believe	ili	-19.0213	-32.4937	-17.0324	-19.3494	-11.4099	-6.7050	-3.4633	2.3415	3.8077	12.4263	15.8086	19.1921	27.7393	10.4200	30.4411	4.3517	34.8593	0.0648	39.8589	-3.0593	44.9418	-6.7046
we8z58	2022/12/07 18:40:56	believe	ili	-20.1762	-33.3946	-19.1737	-19.7960	-12.4620	-6.5992	-3.4491	2.2983	3.9385	12.1266	15.8157	18.3877	27.5513	10.4335	30.4345	4.9644	34.7686	0.7754	39.7189	-2.4104	44.7082	-6.0758
we8z58	2022/12/07 18:40:56	believe	ili	-20.3536	-33.4297	-19.6146	-20.1556	-13.1565	-7.2581	-3.8903	1.2753	4.0296	10.6901	16.2018	17.1801	27.4892	10.1938	30.5703	4.3133	34.9674	0.0442	40.0578	-3.1605	45.2015	-6.6624
