xub9bc	2022/11/28 17:34:00	bereave	iri	-22.0542	-32.8452	-22.8954	-20.6536	-16.9614	-11.1568	-7.6230	-3.3983	1.6657	4.6818	12.1738	11.6422	22.9508	8.6280	26.8354	4.1153	29.6816	-0.7509	32.6975	-5.3923	34.2317	-10.0359
xub9bc	2022/11/28 17:34:00	bereave	iri	-23.0290	-32.6231	-23.6529	-20.1917	-17.0920	-10.8214	-7.8422	-3.8392	1.2324	4.6185	10.9038	11.7359	21.9014	8.6509	25.8669	3.5663	28.8118	-1.0106	31.9241	-5.2771	33.7206	-9.8098
xub9bc	2022/11/28 17:34:00	bereave	iri	-22.9429	-32.1487	-24.5567	-19.9802	-17.1757	-10.8150	-8.4606	-3.9043	1.0474	4.7762	10.1996	12.1474	21.5799	9.2171	26.0236	4.0392	29.0398	-1.0573	31.8088	-6.0658	32.8943	-11.2089
xub9bc	2022/11/28 17:34:00	bereave	iri	-23.3004	-32.4657	-24.5928	-20.2689	-17.3125	-10.6393	-8.0703	-3.9458	1.6202	4.8830	10.5947	12.3000	21.4442	10.8295	26.2543	5.7802	29.0931	0.2338	31.3364	-4.8874	32.6866	-9.6355
xub9bc	2022/11/28 17:34:00	bereave	iri	-22.3647	-31.6317	-23.0449	-18.7571	-15.6407	-9.9544	-6.2862	-3.1088	2.9389	5.2290	11.4824	13.0755	22.7791	11.5097	26.9976	7.4404	29.9619	1.4266	32.3963	-3.4857	33.6885	-8.2139
xub9bc	2022/11/28 17:34:00	bereave	iri	-21.5929	-31.3200	-21.5877	-19.0604	-14.2615	-9.5417	-5.0762	-2.6944	4.0959	6.2095	13.3746	13.3976	24.8506	10.8589	28.6377	6.1359	31.4073	0.9206	33.7066	-4.2491	35.5580	-8.7332
xub9bc	2022/11/28 17:34:00	bereave	iri	-19.2384	-30.8716	-18.1533	-18.4663	-11.6745	-9.0585	-2.3528	-1.1625	6.0863	7.7328	16.6248	14.1573	28.2880	9.0461	31.8277	3.7009	35.0714	-2.1424	37.5702	-7.7457	38.8142	-13.3786
xub9bc	2022/11/28 17:34:00	bereave	iri	-17.2079	-30.0559	-15.4997	-17.8050	-9.3861	-8.6279	-1.4176	-0.7391	6.2035	8.2363	16.4044	14.3201	28.4405	9.1353	32.0030	3.6774	35.6337	-1.6498	39.1465	-6.9099	41.7854	-12.4269
xub9bc	2022/11/28 17:34:00	bereave	iri	-15.4697	-31.2605	-13.9682	-19.3661	-9.4325	-9.0990	-2.1020	-0.7036	6.0163	8.4634	17.4832	14.2277	29.0331	8.5367	32.4140	2.9979	36.0096	-1.9635	39.7912	-7.0222	42.7355	-12.4842
xub9bc	2022/11/28 17:34:00	bereave	iri	-15.0061	-31.9844	-13.1712	-20.0031	-9.3306	-9.5175	-2.7226	-0.9221	4.7880	8.4197	15.5498	13.7826	27.7793	9.1940	31.6760	3.7391	35.8928	-0.8344	39.9980	-5.4067	43.7087	-10.3778
xub9bc	2022/11/28 17:34:00	bereave	iri	-15.1920	-32.6435	-13.7107	-19.9749	-9.7283	-9.1426	-3.5744	-0.6212	4.3223	8.5750	15.1810	13.0043	26.7950	9.3407	31.2866	4.0734	35.5968	-0.2207	39.9803	-4.5416	44.2027	-9.3069
xub9bc	2022/11/28 17:35:13	believe	ili	-16.2895	-32.5287	-16.2613	-19.8079	-12.5195	-10.3391	-7.0947	-1.5161	1.1466	5.9539	12.5005	9.5842	22.9123	4.9138	28.4395	1.7220	34.6602	-0.8485	40.9701	-2.7437	47.2419	-3.3043
xub9bc	2022/11/28 17:35:13	believe	ili	-15.8254	-31.2839	-16.2782	-18.6673	-14.2452	-7.9789	-9.1747	1.3438	-0.4697	8.1169	11.7409	8.2456	22.4245	4.0014	28.4841	1.8070	35.0017	-0.1759	41.1992	-2.1328	47.1773	-4.3563
xub9bc	2022/11/28 17:35:13	believe	ili	-15.3443	-30.3907	-17.5260	-17.6125	-17.2728	-6.5511	-12.2378	3.4699	-1.1866	9.1893	10.7072	6.6418	22.9365	3.8407	29.2504	2.2002	36.1637	0.4102	42.6066	-0.8437	48.1738	-2.4423
xub9bc	2022/11/28 17:35:13	believe	ili	-15.5922	-30.2336	-18.0721	-17.8462	-18.0472	-6.3150	-12.7600	3.5108	-1.9146	9.9631	10.2257	7.1036	22.5677	3.3204	29.3513	1.8909	36.6342	0.0237	43.1551	-2.0436	48.6212	-4.8085
xub9bc	2022/11/28 17:35:13	believe	ili	-14.2182	-29.9141	-16.4388	-17.5479	-15.9716	-5.7279	-10.0567	3.6621	0.5572	10.0939	12.3346	8.8574	23.3725	4.2832	29.7044	2.5733	36.3312	0.2900	42.1450	-2.6592	47.2016	-6.3190
xub9bc	2022/11/28 17:35:13	believe	ili	-12.6828	-29.9685	-12.7611	-17.4616	-11.2878	-6.7494	-5.7263	2.7976	3.8742	9.8677	15.3297	11.8063	27.0802	8.4197	31.8449	4.3467	36.8143	0.8078	41.9370	-2.7183	46.9002	-6.4076
xub9bc	2022/11/28 17:35:13	believe	ili	-13.1005	-30.6565	-11.0620	-17.5627	-8.8537	-6.7283	-3.2374	2.7352	6.0548	10.2770	17.3150	14.0331	28.8961	9.8117	32.0985	4.2755	36.1237	-0.1410	40.5959	-4.4289	44.6259	-9.0114
xub9bc	2022/11/28 17:35:13	believe	ili	-13.6918	-30.9783	-9.9796	-19.1233	-7.4585	-7.3156	-1.5154	2.1911	6.7348	10.2748	18.0711	14.5252	29.6292	9.9855	33.2423	4.4157	36.8321	-0.1624	40.7136	-4.7457	43.7482	-9.8053
xub9bc	2022/11/28 17:35:13	believe	ili	-14.2927	-30.5526	-9.2012	-19.1016	-7.0140	-7.6713	-1.1019	1.6406	6.3589	10.7044	17.6901	15.3016	29.5503	10.5440	33.1679	4.8595	36.7802	0.0782	40.7024	-4.4063	44.1729	-9.1894
xub9bc	2022/11/28 17:35:13	believe	ili	-14.2545	-30.4986	-9.6248	-19.0512	-7.0297	-7.8584	-1.2804	1.4036	6.1015	10.2569	17.7265	14.6970	29.2281	9.6910	33.1365	4.0878	37.3048	-0.2738	42.0857	-4.1168	46.6206	-8.1283
xub9bc	2022/11/28 17:35:13	believe	ili	-14.7665	-31.7180	-9.8893	-20.2186	-7.8063	-8.3265	-2.7132	1.5428	5.6568	10.2492	17.2364	13.6198	29.0834	8.6557	33.3664	3.4061	37.9228	-0.8748	42.9586	-4.8582	46.9883	-9.2631
xub9bc	2022/11/28 17:38:19	bereave	iri	-20.0241	-31.4825	-20.9905	-19.5211	-15.2058	-9.2480	-6.7994	-2.2433	2.5249	5.4326	11.9672	12.2501	23.0902	10.8564	27.3445	6.2321	30.0993	0.9883	32.1432	-3.8751	33.4210	-8.5871
xub9bc	2022/11/28 17:38:19	bereave	iri	-19.4880	-33.7003	-21.3374	-20.5718	-16.3508	-9.3833	-6.9169	-2.0939	2.4583	6.0802	12.0078	14.1539	22.9840	11.4271	27.1536	6.4670	29.7211	0.8181	32.0950	-3.9601	33.8336	-8.4506
xub9bc	2022/11/28 17:38:19	bereave	iri	-21.5194	-37.9512	-22.4508	-25.6219	-18.7031	-11.8100	-8.6029	-3.1003	1.7615	4.8790	10.8243	13.7984	22.2349	12.4896	26.7335	8.3123	29.7995	1.9089	32.1242	-3.0460	33.3692	-7.9777
xub9bc	2022/11/28 17:38:19	bereave	iri	-21.7340	-37.6194	-23.2660	-26.3257	-19.3450	-12.8657	-8.8088	-3.6114	1.8482	4.6892	11.0781	13.9124	22.8872	12.8980	27.3802	8.6743	30.2732	2.7732	32.7582	-2.3918	33.7330	-7.4500
xub9bc	2022/11/28 17:38:19	bereave	iri	-23.0055	-38.6045	-24.2930	-26.2415	-19.0428	-13.0540	-8.1193	-3.8844	2.7848	5.0246	12.0702	14.2761	24.8021	12.7226	28.3295	8.0863	31.0363	2.0412	33.2919	-3.1502	34.7383	-7.6771
xub9bc	2022/11/28 17:38:19	bereave	iri	-21.7291	-38.3075	-22.5771	-25.2460	-17.1563	-12.1356	-6.2977	-3.3722	4.1915	6.5020	14.9702	14.7999	26.9311	11.7869	30.5781	6.5807	32.8666	0.0996	35.2012	-4.5613	36.8562	-8.7415
xub9bc	2022/11/28 17:38:19	bereave	iri	-16.3397	-33.1757	-17.3875	-21.2069	-11.6232	-8.7742	-2.0079	-1.1143	5.5251	8.8372	16.4593	16.0164	28.4624	11.1974	32.3838	5.4979	35.3292	-0.6827	37.6926	-6.8843	39.5167	-12.3989
xub9bc	2022/11/28 17:38:19	bereave	iri	-15.1240	-29.8957	-14.0877	-17.8547	-8.6190	-7.8364	-0.7916	0.5277	6.0466	10.0165	17.5184	15.7762	29.4638	10.6822	33.0600	4.6058	36.0970	-0.4814	39.9416	-5.4217	43.0400	-11.1547
xub9bc	2022/11/28 17:38:19	bereave	iri	-14.3176	-28.7271	-12.5756	-17.1171	-7.5843	-7.6178	-1.0992	0.7002	5.7807	9.6566	16.7432	14.8513	28.8739	10.1832	32.9008	4.3741	36.5817	-0.4961	40.8128	-5.0116	44.6421	-9.8346
xub9bc	2022/11/28 17:38:19	bereave	iri	-14.5598	-29.4497	-12.5763	-17.5778	-7.8278	-7.3684	-1.2033	1.2224	6.3503	9.7197	17.2653	14.5657	28.9754	10.0347	32.8483	4.4545	36.6693	-0.1626	41.0138	-4.2650	45.2575	-8.7140
xub9bc	2022/11/28 17:38:19	bereave	iri	-13.8681	-28.4149	-12.1390	-16.3730	-7.3770	-6.4357	-1.1962	1.9777	7.0699	9.6413	18.1002	13.8495	29.0011	9.1525	32.9539	3.8532	37.2005	-0.2548	41.7562	-3.8793	46.3783	-7.4889
xub9bc	2022/11/28 17:39:34	believe	ili	-16.0027	-30.8793	-13.6953	-19.2868	-9.1302	-10.0468	-3.5903	-0.7255	4.2005	7.7395	14.5178	12.3032	26.0041	8.8432	30.8822	4.2341	36.2025	0.9246	42.1629	-1.8977	47.6917	-4.4548
xub9bc	2022/11/28 17:39:34	believe	ili	-16.3621	-31.3678	-14.0082	-19.3124	-9.2732	-9.6769	-4.9533	0.0447	2.5238	8.2759	14.0746	11.8257	25.7408	7.6373	30.6154	3.7140	36.4642	0.7673	42.6225	-1.5881	48.2817	-3.5404
xub9bc	2022/11/28 17:39:34	believe	ili	-15.9754	-30.7574	-15.8281	-18.2589	-12.8095	-7.5683	-8.7279	2.7054	0.2411	9.5064	12.2653	10.5909	22.6899	5.4390	28.5991	3.0100	35.4792	1.3430	42.0941	0.1444	48.4547	-0.8494
xub9bc	2022/11/28 17:39:34	believe	ili	-14.7814	-30.9674	-17.5313	-18.3069	-17.2336	-6.5679	-12.4387	4.0763	-1.4391	10.4517	10.4530	8.6062	22.3050	3.9175	28.7775	2.5072	36.1315	2.0776	42.6933	1.6051	48.6571	0.8763
xub9bc	2022/11/28 17:39:34	believe	ili	-14.3294	-30.8575	-17.4722	-18.4348	-17.4951	-6.3383	-13.0016	4.5645	-2.1140	11.1137	10.5308	9.5762	23.1753	4.3467	29.8581	2.5972	36.8252	0.7435	42.8970	-0.9925	48.0902	-3.2959
xub9bc	2022/11/28 17:39:34	believe	ili	-12.8116	-29.8893	-14.7692	-17.5721	-13.9722	-5.9198	-9.3359	4.0294	0.3895	10.5927	12.2318	11.5223	23.5565	6.7346	29.2183	4.2796	35.5807	1.8440	41.5157	-0.0411	46.7452	-3.2740
xub9bc	2022/11/28 17:39:34	believe	ili	-12.6395	-30.4707	-11.3286	-17.8771	-10.4922	-6.6268	-5.4037	3.0605	3.5117	11.2399	15.3515	13.9824	27.0565	10.0719	31.4983	5.0782	36.4207	1.1940	41.4943	-2.4693	46.1951	-6.3954
xub9bc	2022/11/28 17:39:34	believe	ili	-12.3375	-30.2999	-9.7662	-18.3026	-8.7334	-7.0160	-3.8159	2.4572	4.6809	11.0956	16.0125	15.5037	28.3351	11.2139	32.0720	5.4961	36.3366	0.6880	40.8218	-3.5301	45.2905	-7.8992
xub9bc	2022/11/28 17:39:34	believe	ili	-12.4902	-29.8591	-8.9990	-18.7437	-7.4680	-7.7357	-2.4966	1.9706	4.6770	11.6262	16.7858	16.3325	28.7663	11.0486	32.6445	5.2271	36.8756	0.5997	41.4087	-3.4938	46.0451	-7.6534
xub9bc	2022/11/28 17:39:34	believe	ili	-12.5312	-30.7357	-9.4694	-18.8618	-7.8046	-7.5004	-2.5524	2.4241	5.1493	11.6644	17.5490	15.3503	29.1782	10.0121	33.0940	4.2857	37.6452	-0.0666	42.7420	-3.9190	47.1911	-8.0022
xub9bc	2022/11/28 17:39:34	believe	ili	-12.3569	-30.9171	-9.2503	-19.1243	-7.6353	-7.5989	-2.3738	2.3875	5.7582	11.2483	18.2452	14.7924	29.4819	8.7369	33.4860	3.4393	38.4629	-0.4683	43.9290	-4.0386	48.5755	-8.2171
xub9bc	2022/11/28 17:42:53	bereave	iri	-19.8024	-31.9230	-21.7929	-19.9748	-16.0814	-9.6569	-7.6455	-2.5986	1.6271	5.4568	11.0177	13.1134	22.6901	10.8679	26.9597	5.8321	30.0096	0.5386	32.6462	-4.1990	34.5773	-8.5743
xub9bc	2022/11/28 17:42:53	bereave	iri	-20.4944	-32.8008	-22.2871	-20.1553	-16.0894	-9.6797	-6.9110	-2.1479	2.4378	6.4827	11.7957	14.2488	23.0633	11.3384	27.4619	6.2946	30.0995	0.8818	32.2239	-4.0401	33.5040	-8.9653
xub9bc	2022/11/28 17:42:53	bereave	iri	-20.9877	-35.3036	-22.5884	-23.0176	-17.2767	-11.0479	-7.3168	-2.4851	2.1849	6.3653	11.2295	14.4371	23.2617	11.6441	27.8512	6.5270	30.4092	0.5688	32.7032	-4.6602	34.4586	-9.6978
xub9bc	2022/11/28 17:42:53	bereave	iri	-21.7598	-36.4452	-22.3280	-23.3204	-17.3597	-11.0477	-7.0490	-2.6469	2.7889	5.7262	11.4690	14.5275	23.5295	12.3349	27.7085	7.9068	30.6409	1.3032	33.1881	-3.6461	35.6191	-7.9336
xub9bc	2022/11/28 17:42:53	bereave	iri	-21.2448	-35.5687	-22.7039	-22.7252	-16.6348	-10.4431	-6.3128	-2.5367	3.4346	5.8765	11.6435	14.3777	24.1018	13.0955	27.9306	8.7214	30.6921	2.6105	33.2527	-2.6387	34.7176	-7.6167
xub9bc	2022/11/28 17:42:53	bereave	iri	-20.0480	-33.7406	-20.0412	-20.3851	-13.8378	-9.2114	-3.9714	-1.8961	5.1318	7.6490	14.8118	15.2782	26.8592	11.8808	30.3002	7.0782	32.9581	1.2196	35.1208	-3.6975	36.9449	-8.8315
xub9bc	2022/11/28 17:42:53	bereave	iri	-17.7071	-30.2497	-17.5361	-17.7619	-11.0003	-7.8321	-1.4436	-0.5645	6.3600	8.5390	16.0408	16.0972	27.5768	11.8622	31.7246	6.7361	34.6931	0.5576	37.2307	-4.4651	39.0843	-9.7883
xub9bc	2022/11/28 17:42:53	bereave	iri	-15.5188	-29.0904	-15.5098	-16.8043	-9.2048	-7.8055	-0.7269	-0.3332	6.4289	9.0011	16.9889	15.9787	28.4970	11.8006	32.4832	6.2943	35.4487	0.2397	38.5958	-4.6124	40.8506	-10.1421
xub9bc	2022/11/28 17:42:53	bereave	iri	-15.8478	-30.1258	-14.4121	-17.6704	-8.9722	-8.2346	-1.3143	0.1493	5.8761	9.4361	16.5698	15.7029	28.4032	11.5733	32.4354	5.9393	35.5880	0.3515	39.3608	-4.5110	42.3266	-9.6944
xub9bc	2022/11/28 17:42:53	bereave	iri	-15.2264	-30.9808	-13.6876	-18.8236	-8.6424	-8.1453	-1.6834	0.9768	6.0605	9.9977	17.0672	15.3131	28.4441	11.1481	32.3054	5.5757	35.9571	0.5183	39.6734	-3.9727	43.1403	-8.7060
xub9bc	2022/11/28 17:42:53	bereave	iri	-14.7655	-30.3851	-13.1419	-18.5392	-8.7831	-7.8561	-2.6615	1.4967	5.3334	9.8505	15.9430	14.6764	27.9068	10.7728	31.9735	5.4730	36.3085	1.0050	40.5404	-3.1650	44.6313	-7.3298
xub9bc	2022/11/28 17:44:08	believe	ili	-15.7848	-29.5553	-13.7207	-17.9801	-8.8523	-8.4712	-3.7877	0.3081	3.9544	8.3673	14.7554	12.8986	26.3231	9.5049	31.4720	5.4885	37.0892	2.2958	43.2408	0.1939	49.0833	-1.6532
xub9bc	2022/11/28 17:44:08	believe	ili	-16.0064	-29.7094	-14.6975	-17.9473	-10.6456	-7.8865	-5.6143	1.2150	2.7200	8.8889	13.7690	12.5223	25.4578	8.9128	30.5727	5.2794	36.5832	2.4070	42.9725	0.6109	49.2906	-0.8811
xub9bc	2022/11/28 17:44:08	believe	ili	-14.8550	-30.2115	-15.3740	-17.6987	-12.8831	-6.3510	-8.8608	4.5139	0.9702	10.5611	12.1495	10.4519	24.1482	6.8340	30.4053	4.8645	37.1141	2.7777	43.6169	1.7949	49.2070	1.7879
xub9bc	2022/11/28 17:44:08	believe	ili	-14.4017	-29.9936	-14.8252	-17.9771	-14.0688	-6.3477	-10.2894	5.1300	-0.2281	11.9998	11.7834	10.0276	23.9015	5.7400	30.6646	4.4477	37.8861	2.8044	44.0372	0.6723	49.8649	-1.9563
xub9bc	2022/11/28 17:44:08	believe	ili	-13.3761	-29.3209	-14.3559	-17.4615	-13.7851	-5.6119	-10.0059	5.7325	0.1103	12.2316	12.2816	11.0826	24.4270	6.7536	30.7116	4.6763	37.7439	2.3245	43.8950	0.2217	49.7474	-1.8940
xub9bc	2022/11/28 17:44:08	believe	ili	-13.1969	-28.8499	-12.7285	-16.8701	-11.2972	-4.8693	-6.3901	5.4901	2.8420	12.2923	14.7765	13.9331	26.5667	10.1396	31.9548	6.4136	37.7465	3.0269	43.4840	0.5975	49.1569	-2.2500
xub9bc	2022/11/28 17:44:08	believe	ili	-12.8063	-28.7253	-10.8750	-16.6827	-8.7792	-4.9514	-3.9820	4.9190	4.8382	13.0275	16.7375	16.3948	29.0926	12.2664	33.0218	6.7502	37.0779	2.1288	41.8794	-1.7212	46.5711	-5.9161
xub9bc	2022/11/28 17:44:08	believe	ili	-13.1509	-28.6373	-10.8453	-16.5205	-8.0082	-4.9189	-2.7123	4.7841	5.6841	13.2226	17.4938	17.0447	30.2130	12.0609	33.6265	5.8589	37.5100	0.8078	41.9009	-3.1023	46.3785	-7.1778
xub9bc	2022/11/28 17:44:08	believe	ili	-13.6392	-28.7905	-9.9865	-16.6783	-7.2604	-5.1958	-2.5814	4.6272	5.6145	13.0929	16.9964	16.9542	29.8849	12.2455	33.4025	6.2734	37.3545	1.1409	41.8172	-2.9023	46.4338	-7.0249
xub9bc	2022/11/28 17:44:08	believe	ili	-13.5971	-29.8594	-10.4664	-17.8595	-8.1912	-6.5827	-3.0596	3.5242	5.2647	11.8197	16.2202	16.4423	29.0542	12.1388	32.9406	6.4325	37.1197	1.8023	41.7651	-2.0617	46.2861	-6.1097
xub9bc	2022/11/28 17:44:08	believe	ili	-13.4766	-28.9866	-11.3680	-16.4362	-8.3120	-5.2638	-2.9067	4.4128	6.3040	11.9303	17.7074	15.7432	29.3350	10.9325	33.2497	5.4870	37.5798	1.0265	42.4572	-2.6986	47.3217	-6.8348
xub9bc	2022/11/28 17:46:57	bereave	iri	-20.6970	-31.5445	-20.7137	-19.0960	-14.1471	-9.1723	-5.8599	-2.2567	2.5797	6.2292	11.6389	14.1627	22.5854	10.9566	27.0365	5.4531	30.2680	0.2010	33.0783	-4.4132	34.6307	-9.5092
xub9bc	2022/11/28 17:46:57	bereave	iri	-21.3827	-35.2593	-22.6673	-22.0794	-16.1767	-10.8707	-6.4786	-2.8418	2.4599	6.2024	11.1181	14.4477	22.2302	11.7370	26.8299	6.6867	30.0500	1.3675	32.6684	-3.6151	34.4081	-8.2384
xub9bc	2022/11/28 17:46:57	bereave	iri	-21.4762	-36.9202	-23.1480	-24.1294	-17.1009	-11.1563	-6.5954	-3.2317	2.0450	6.0755	10.4093	14.3732	22.0974	11.9781	26.9404	7.1883	30.1802	1.7526	32.9256	-3.0532	34.5657	-7.8322
xub9bc	2022/11/28 17:46:57	bereave	iri	-21.7651	-38.4250	-23.9274	-25.5796	-17.6682	-11.7261	-6.9995	-3.4408	2.4924	5.8704	11.2410	14.7920	22.5576	12.6477	27.0152	8.0485	29.8844	2.4812	32.8221	-2.2797	34.0790	-7.0228
xub9bc	2022/11/28 17:46:57	bereave	iri	-21.6442	-38.2514	-23.4132	-25.2993	-16.4470	-11.9298	-6.0368	-3.2763	3.3329	5.8148	11.9607	14.8690	24.2082	12.7572	28.0153	8.2413	30.6896	2.7970	33.2460	-2.1625	34.1475	-7.1592
xub9bc	2022/11/28 17:46:57	bereave	iri	-20.4051	-36.1160	-20.4475	-22.5903	-14.0799	-10.9388	-3.9151	-2.7110	4.2181	7.0783	13.9349	15.3341	25.7189	11.6613	29.5652	6.6161	32.5393	0.6109	35.0037	-3.8147	36.8158	-8.4764
xub9bc	2022/11/28 17:46:57	bereave	iri	-17.0182	-30.0177	-16.5785	-17.9544	-9.9517	-8.2092	-0.6907	-0.0706	5.8872	9.8645	16.7160	16.3527	28.1793	10.7622	31.6845	5.0842	34.9271	-0.6159	37.8352	-5.4953	39.6393	-11.1087
xub9bc	2022/11/28 17:46:57	bereave	iri	-15.9846	-28.0817	-14.0935	-16.5832	-7.7998	-7.1335	-0.2526	0.8400	5.6322	10.5844	16.9761	16.1764	28.8041	10.1849	32.1935	4.4890	35.7232	-0.2444	39.5712	-4.4799	42.9158	-9.1386
xub9bc	2022/11/28 17:46:57	bereave	iri	-15.0748	-29.0784	-13.6702	-17.2619	-8.3772	-7.1285	-0.9814	1.0289	5.7017	10.5238	16.8178	16.0845	28.3805	10.7143	32.3257	4.9258	36.2491	0.3065	40.4021	-3.9545	43.9526	-8.5950
xub9bc	2022/11/28 17:46:57	bereave	iri	-14.5591	-29.3865	-12.9693	-18.1301	-8.2801	-7.0886	-1.3883	1.5390	5.5385	10.7393	16.8307	15.5598	28.5437	10.2899	32.4524	4.5530	36.6146	0.0589	41.2162	-3.7722	45.8272	-7.8621
xub9bc	2022/11/28 17:46:57	bereave	iri	-14.8034	-30.4921	-13.3654	-18.4600	-8.9487	-7.5118	-1.8631	1.1911	5.4242	10.5699	16.5097	14.9178	28.4454	10.0518	32.5907	4.5668	36.9610	0.2208	41.3901	-3.6504	45.9740	-7.8612
xub9bc	2022/11/28 17:48:12	believe	ili	-14.7356	-30.5334	-15.5933	-18.2975	-14.7555	-6.5903	-11.5118	3.1707	-1.5412	10.4035	10.3460	10.0588	22.4907	6.1699	29.0027	4.4835	36.0653	2.1123	42.6203	0.8252	48.9010	0.4477
xub9bc	2022/11/28 17:48:12	believe	ili	-13.4532	-29.4024	-16.7032	-17.6656	-16.4071	-5.8105	-11.9866	4.2866	-2.2214	10.9715	9.6405	10.4303	21.4826	5.8819	28.4222	4.3949	35.8760	2.0584	42.2624	0.2878	48.1942	-1.3230
xub9bc	2022/11/28 17:48:12	believe	ili	-13.3400	-29.4159	-16.1673	-17.8166	-15.3575	-5.2082	-11.0573	4.9415	-0.9065	10.9213	10.5227	11.3794	22.2110	6.6374	28.7440	4.7963	36.0591	2.4002	42.4191	0.4683	48.2375	-1.8400
xub9bc	2022/11/28 17:48:12	believe	ili	-12.8024	-29.0062	-13.3974	-17.0711	-12.4896	-5.2570	-7.7982	4.6445	0.8053	11.4127	12.1397	13.4722	24.1603	10.0583	29.7110	6.8082	35.5730	3.2142	41.6131	0.6068	47.1578	-2.6283
xub9bc	2022/11/28 17:48:12	believe	ili	-12.7345	-29.3777	-11.1843	-17.2978	-9.5636	-5.6188	-4.9208	4.4357	4.0110	12.6625	15.5464	16.1413	27.6304	12.1049	31.3001	7.0364	35.5967	2.4614	40.0438	-1.7085	44.6746	-6.1404
xub9bc	2022/11/28 17:48:12	believe	ili	-12.5391	-29.6907	-10.7886	-16.8640	-8.6485	-5.1604	-2.9075	3.9851	5.3918	13.0222	17.4322	16.8734	29.3477	12.0173	32.5823	6.2497	36.2311	1.2504	40.3880	-3.0986	44.3427	-7.4046
xub9bc	2022/11/28 17:48:12	believe	ili	-11.3670	-28.6029	-10.3717	-15.7440	-8.0145	-4.4320	-2.2235	4.6350	5.8995	13.2079	17.8952	16.7919	29.6997	11.4305	32.8865	5.4984	36.5253	0.5290	40.8452	-3.6167	45.2794	-7.6935
xub9bc	2022/11/28 17:48:12	believe	ili	-12.0800	-29.4326	-10.0969	-16.9203	-8.2154	-5.1702	-2.6241	3.9716	5.5569	12.6446	17.3234	16.6211	29.2386	11.7517	32.6714	5.7733	36.5738	0.8708	40.9580	-3.1918	45.4956	-7.5114
xub9bc	2022/11/28 17:48:12	believe	ili	-12.7991	-30.1732	-10.6500	-17.6514	-9.2931	-6.0979	-3.8545	3.4005	5.3701	11.8847	17.0497	15.7958	29.0964	11.1845	32.7744	5.4237	36.7787	0.8832	41.4229	-3.1025	46.2090	-7.2510
xub9bc	2022/11/28 17:48:12	believe	ili	-12.7082	-29.4012	-11.3908	-16.7187	-9.6672	-5.9192	-3.9646	2.9991	5.3555	11.0321	17.4644	14.9139	28.8616	10.1516	32.3666	4.6126	37.0671	0.6519	42.3761	-2.7640	47.6177	-6.4491
xub9bc	2022/11/28 17:48:12	believe	ili	-13.2162	-29.3806	-11.5829	-16.9331	-10.6863	-5.6007	-4.2137	3.7282	5.6239	11.4142	17.2232	14.8798	28.5770	9.8611	32.0236	4.3462	37.1429	0.7394	42.7025	-2.6998	47.7390	-6.5586
xub9bc	2022/11/28 17:50:57	bereave	iri	-17.1573	-30.8193	-18.1627	-18.6528	-13.3430	-8.1793	-5.4791	-0.7875	3.2448	7.6615	13.1955	14.6363	24.0718	11.4457	28.1475	6.6081	30.7674	1.2208	32.5658	-3.7951	33.7168	-8.6946
xub9bc	2022/11/28 17:50:57	bereave	iri	-17.6220	-30.5933	-18.5024	-17.6804	-13.0212	-7.4819	-4.4986	-0.1823	3.5682	8.3126	13.5099	15.4467	24.4671	11.5743	28.0517	6.4783	30.8463	0.8749	33.0057	-4.0613	34.6762	-8.8541
xub9bc	2022/11/28 17:50:57	bereave	iri	-17.8195	-31.3882	-19.1044	-18.5869	-13.2883	-7.6466	-4.5250	-0.2803	3.5859	7.7288	13.3017	15.0067	24.5760	11.3560	27.8864	5.7612	30.3775	-0.0052	33.0131	-5.0521	34.6493	-9.9644
xub9bc	2022/11/28 17:50:57	bereave	iri	-16.6888	-31.6157	-18.3785	-19.2183	-13.4045	-8.1449	-5.0380	-0.7593	3.8671	7.3662	12.7871	14.8771	24.6898	12.2112	27.9349	7.2605	30.6581	0.9248	32.8120	-4.1720	34.5165	-9.1791
xub9bc	2022/11/28 17:50:57	bereave	iri	-18.6292	-34.3580	-19.5350	-20.9243	-13.6602	-8.7738	-4.9347	-1.2673	4.2187	7.3902	13.2022	15.4906	24.9043	12.9181	28.0631	8.0900	31.0154	2.1690	33.4390	-2.7233	35.3155	-7.3926
xub9bc	2022/11/28 17:50:57	bereave	iri	-18.2823	-32.4258	-18.8472	-19.3907	-12.4902	-8.1074	-3.1516	-0.8882	4.9661	7.9631	14.1972	15.3895	25.8424	12.0980	29.1662	6.8685	31.9126	1.2084	34.2161	-3.5827	36.1036	-7.8693
xub9bc	2022/11/28 17:50:57	bereave	iri	-16.3653	-28.7747	-16.4708	-16.9291	-9.7792	-6.9904	-0.7342	0.2919	6.4803	9.9195	17.3366	16.5114	28.3148	10.1807	31.6844	4.3854	34.7996	-1.3486	37.2172	-6.9413	37.7683	-12.3729
xub9bc	2022/11/28 17:50:57	bereave	iri	-15.7287	-28.8489	-14.6263	-17.0563	-8.6442	-7.2825	-0.3271	1.0703	6.7612	10.5657	17.9078	16.5414	29.1550	10.1058	32.3579	4.3419	35.6936	-0.7971	39.2907	-5.7426	42.0419	-11.4241
xub9bc	2022/11/28 17:50:57	bereave	iri	-14.8860	-28.9226	-12.9781	-17.0939	-7.9022	-6.6622	-0.4102	1.6216	6.6080	10.3974	17.3397	15.9266	28.7532	10.3497	32.0814	4.3496	35.8244	-0.4496	40.2784	-4.4748	44.6522	-8.8363
xub9bc	2022/11/28 17:50:57	bereave	iri	-14.4295	-29.4097	-12.9740	-17.5256	-8.2317	-7.1458	-1.3874	1.5808	5.9772	10.2921	16.6704	15.4672	28.3747	10.5624	31.9124	4.9034	36.0625	0.2300	40.2899	-3.7740	44.8255	-7.7943
xub9bc	2022/11/28 17:50:57	bereave	iri	-14.4066	-29.4128	-13.3977	-17.6361	-8.6496	-7.3053	-2.0019	1.1760	5.9855	9.5488	16.5988	14.7305	27.6953	9.7991	31.7111	4.5725	36.2969	0.1561	40.8849	-3.4179	45.7705	-7.1183
xub9bc	2022/11/28 17:52:12	believe	ili	-15.3614	-32.4166	-13.9190	-20.1681	-8.9026	-9.9760	-3.2585	-0.2935	3.2601	10.0526	15.5653	15.3472	27.7011	10.2944	32.2101	4.7180	37.3288	0.9441	43.2919	-2.1384	48.8247	-4.5757
xub9bc	2022/11/28 17:52:12	believe	ili	-15.0394	-30.5539	-13.3100	-18.7848	-9.0855	-8.3826	-4.1152	1.3574	2.6780	10.3637	13.7977	14.9710	25.7637	10.3510	30.7679	5.4699	36.3033	1.8895	42.2930	-0.6793	48.3020	-3.3383
xub9bc	2022/11/28 17:52:12	believe	ili	-15.1641	-31.2402	-14.8281	-18.8783	-12.2792	-6.8491	-7.9355	4.0281	0.9772	11.2608	12.9443	12.6543	24.9054	8.6426	30.3958	5.1960	36.8852	2.4098	43.3836	0.4947	49.7901	-1.0809
xub9bc	2022/11/28 17:52:12	believe	ili	-14.2325	-30.7065	-15.8452	-18.0837	-16.2544	-5.6534	-11.1543	5.3631	-0.5469	11.9542	11.4615	11.3012	23.6166	6.5205	30.2041	4.2616	37.3337	1.7278	43.7016	-0.1064	49.8994	-1.2505
xub9bc	2022/11/28 17:52:12	believe	ili	-13.5679	-30.1932	-14.3332	-17.9335	-14.6100	-5.1095	-9.4795	5.4504	0.5151	11.5505	12.3789	12.1343	23.9844	7.1165	29.9473	4.6722	36.8229	2.3407	42.6840	-0.0749	48.1835	-2.8625
xub9bc	2022/11/28 17:52:12	believe	ili	-13.3038	-30.9134	-12.6550	-19.0018	-11.5840	-6.5868	-6.2218	3.8723	3.1276	11.5947	15.0101	14.0965	27.1355	10.7372	31.4320	6.0781	36.7509	2.2130	42.3773	-0.7657	47.9132	-4.3492
xub9bc	2022/11/28 17:52:12	believe	ili	-13.0291	-30.1581	-11.4062	-18.1788	-9.4671	-6.4309	-4.2044	3.4445	4.8727	12.3203	16.7895	16.3428	28.6322	11.3435	32.1430	5.7475	36.4839	1.0149	41.3511	-2.8783	46.1522	-7.0398
xub9bc	2022/11/28 17:52:12	believe	ili	-13.1759	-30.6482	-10.9552	-18.4179	-8.4613	-6.3737	-2.6194	3.6853	6.1531	12.2831	18.1483	16.4311	29.9048	10.7985	33.1082	5.0609	37.0832	0.3197	41.4736	-3.6994	46.0145	-7.9259
xub9bc	2022/11/28 17:52:12	believe	ili	-13.0792	-30.3117	-10.9508	-17.9640	-8.6284	-6.3659	-3.3097	3.5908	5.3173	12.3903	17.2447	16.4330	29.1751	10.6376	32.8131	4.8045	37.0962	0.3379	41.8097	-3.4874	46.6037	-7.4537
xub9bc	2022/11/28 17:52:12	believe	ili	-13.4739	-29.5419	-11.0200	-17.1636	-8.2956	-6.0694	-2.9072	3.5284	5.3865	11.7572	17.5012	15.7840	28.8955	10.0996	32.5805	4.4191	37.2713	0.3488	42.2899	-3.3540	47.1341	-7.1271
xub9bc	2022/11/28 17:52:12	believe	ili	-13.8469	-31.0931	-12.6173	-18.5572	-9.9942	-7.0214	-4.2336	2.5830	5.0568	11.0327	17.2706	14.7740	28.7203	9.6570	32.6591	4.3107	37.4255	0.3953	42.7861	-3.2023	47.8330	-7.0974
